@relation doc-subject

@attribute filename numeric
@attribute Subject0 numeric
@attribute Subject1 numeric
@attribute Subject2 numeric
@attribute Subject3 numeric
@attribute Subject4 numeric
@attribute Subject5 numeric
@attribute Subject6 numeric
@attribute Subject7 numeric
@attribute Subject8 numeric
@attribute Subject9 numeric
@attribute Subject10 numeric
@attribute Subject11 numeric
@attribute Subject12 numeric
@attribute Subject13 numeric
@attribute Subject14 numeric

@data
4243,0.018336,0.052572,0.063899,0.032849,0.082713,0.109908,0.041077,0.100872,0.032034,0.034054,0.079695,0.107838,0.100926,0.027347,0.115881
3629,0.059415,0.058518,0.036343,0.154594,0.036152,0.093243,0.065607,0.098882,0.12803,0.143839,0.000814,0.024794,0.055787,0.007123,0.03686
4469,0.090646,0.07822,0.039216,0.07764,0.085494,0.065597,0.041477,0.022513,0.036901,0.077518,0.040666,0.07317,0.07314,0.114165,0.083636
4660,0.076779,0.006021,0.10591,0.082571,0.001028,0.098644,0.065472,0.134028,0.024346,0.002327,0.034839,0.109974,0.109522,0.079947,0.068591
4282,0.10012,0.034314,0.05629,0.071706,0.092603,0.031597,0.041158,0.036507,0.044272,0.052837,0.125192,0.101203,0.057416,0.043168,0.111617
4179,0.049837,0.087211,0.05189,0.032062,0.008634,0.080146,0.109104,0.098423,0.099701,0.009572,0.118502,0.025197,0.129049,0.075015,0.025658
3789,0.090978,0.008348,0.11936,0.104928,0.014258,0.034569,0.035476,0.072309,0.008995,0.05017,0.098258,0.097418,0.035755,0.120377,0.108802
3735,0.084347,0.104803,0.013917,0.101149,0.076772,0.092519,0.017511,0.054398,0.059796,0.024269,0.093062,0.05157,0.076183,0.094887,0.054817
3687,0.097717,0.074333,0.072697,0.150195,0.05607,0.035537,0.076028,0.096818,0.021092,0.023041,0.116696,0.040945,0.088391,0.008424,0.042018
4494,0.11056,0.007641,0.104636,0.115108,0.059032,0.054688,0.007129,0.077382,0.123088,0.046603,0.09585,0.100828,0.053495,0.036745,0.007216
3713,0.050438,0.057737,0.080359,0.028795,0.080872,0.062768,0.092674,0.072808,0.106713,0.120622,0.075119,0.047502,0.026503,0.06082,0.03627
3633,0.07393,0.01106,0.036021,0.007354,0.079574,0.1152,0.089101,0.05144,0.122236,0.097298,0.116342,0.051262,0.051438,0.093941,0.003803
4215,0.072205,0.033009,0.079432,0.042623,0.10684,0.102635,0.074255,0.087687,0.075384,0.026756,0.058472,0.072364,0.059201,0.039869,0.069268
3956,0.025331,0.093978,0.078482,0.008088,0.123087,0.006238,0.133162,0.028722,0.05578,0.10627,0.05982,0.085421,0.030547,0.091272,0.073803
3681,0.029111,0.055352,0.075517,0.077607,0.076705,0.087218,0.05131,0.110321,0.023667,0.067813,0.050051,0.052464,0.114115,0.05186,0.076887
4742,0.037237,0.072577,0.012178,0.052676,0.106663,0.021219,0.048398,0.010702,0.086874,0.106295,0.160727,0.050379,0.004648,0.098357,0.131069
4205,0.034392,0.00763,0.03589,0.113456,0.079477,0.11695,0.105966,0.008041,0.063319,0.011497,0.064638,0.089351,0.119039,0.043908,0.106445
4281,0.099316,0.020503,0.082234,0.072587,0.118059,0.067284,0.03285,0.092965,0.047312,0.115823,0.102789,0.095793,0.016648,0.030325,0.005511
4768,0.013118,0.04071,0.088868,0.087874,0.101169,0.055464,0.133939,0.039352,0.124032,0.045833,0.04337,0.009456,0.116718,0.080283,0.019815
4288,0.012767,0.027908,0.064596,0.086965,0.089884,0.064765,0.130942,0.074687,0.086653,0.109633,0.042699,0.000622,0.033419,0.081014,0.093447
4259,0.079344,0.002934,0.118193,0.003652,0.127256,0.113763,0.006612,0.128273,0.013601,0.113746,0.110902,0.048289,0.064523,0.014471,0.054441
4697,0.076721,0.010827,0.07366,0.130933,0.013442,0.112107,0.131365,0.029622,0.033558,0.074153,0.140149,0.034864,0.020919,0.088207,0.029474
3804,0.010364,0.111102,0.019988,0.088648,0.01217,0.092835,0.11693,0.059299,0.057104,0.010338,0.077794,0.091951,0.095711,0.045737,0.110032
4103,0.096665,0.039873,0.067426,0.07436,0.101993,0.106771,0.09715,0.101814,0.070244,0.048196,0.032421,0.03618,0.074846,0.045235,0.006825
3907,0.044711,0.104503,0.041799,0.027524,0.05186,0.064259,0.015852,0.099701,0.102676,0.122323,0.093875,0.054722,0.076508,0.009579,0.090108
3593,0.025552,0.100329,0.031436,0.105489,0.102652,0.083002,0.064411,0.09675,0.060708,0.039068,0.060789,0.047863,0.084911,0.089129,0.007911
4303,0.076604,0.046651,0.084395,0.019672,0.08514,0.028606,0.060347,0.124494,0.021419,0.118402,0.065676,0.094126,0.052899,0.099057,0.022512
3682,0.104027,0.066169,0.020452,0.048836,0.086966,0.045751,0.042943,0.076996,0.066471,0.09174,0.003124,0.113943,0.085915,0.124208,0.022459
3754,0.027723,0.101319,0.003532,0.094919,0.008196,0.068525,0.024218,0.114186,0.060114,0.042134,0.087701,0.052668,0.121617,0.112771,0.080376
3568,0.083728,0.095499,0.064611,0.105216,0.007528,0.037411,0.116832,0.060888,0.028638,0.075987,0.080236,0.037296,0.058691,0.109298,0.038139
4767,0.081761,0.08878,0.108151,0.031768,0.055854,0.073027,0.076274,0.006503,0.059635,0.025129,0.118444,0.088154,0.040376,0.079496,0.066647
3945,0.024113,0.041767,0.111797,0.100878,0.097858,0.095925,0.033746,0.056575,0.02195,0.038855,0.095503,0.100808,0.07693,0.070035,0.03326
3586,0.144218,0.113217,0.118294,0.001429,0.044749,0.058325,0.092536,0.030837,0.051793,0.023288,0.029744,0.055867,0.13222,0.034288,0.069196
3831,0.056061,0.03205,0.097478,0.11001,0.083248,0.096105,0.052256,0.133113,0.024022,0.008395,0.082109,0.075334,0.090871,0.017755,0.041192
4796,0.090535,0.056357,0.040922,0.072977,0.076429,0.06831,0.050271,0.011991,0.058403,0.111205,0.156125,0.08142,0.078423,0.035726,0.010908
3655,0.112115,0.10084,0.080506,0.11211,0.056629,0.04759,0.082096,0.055724,0.079371,0.007703,0.046112,0.069909,0.020915,0.059035,0.069346
4079,0.110341,0.082944,0.05917,0.126958,0.029253,0.098334,0.030184,0.110204,0.035172,0.016264,0.058893,0.046687,0.125828,0.048867,0.020903
3628,0.049154,0.177114,0.036461,0.054882,0.017346,0.038368,0.130104,0.039089,0.068913,0.042501,0.056614,0.158742,0.112284,0.005418,0.013009
4570,0.043985,0.018471,0.211799,0.066265,0.018396,0.02642,0.035902,0.022696,0.045394,0.116458,0.078849,0.03722,0.185142,0.020322,0.072682
4466,0.042273,0.057782,0.050936,0.088881,0.036939,0.114568,0.048013,0.111111,0.040822,0.066265,0.102302,0.02068,0.057133,0.076014,0.086281
4727,0.008474,0.070797,0.025209,0.107741,0.095865,0.062189,0.153649,0.080987,0.058135,0.063482,0.020554,0.060718,0.048634,0.132303,0.011261
3592,0.05248,0.018071,0.032392,0.050635,0.027326,0.100128,0.120613,0.085181,0.059635,0.036058,0.106932,0.097554,0.062815,0.09254,0.057639
4418,0.067535,0.006547,0.090785,0.026853,0.095273,0.086888,0.131402,0.113688,0.014572,0.054541,0.011542,0.083504,0.065007,0.073268,0.078594
4646,0.008631,0.031498,0.112892,0.113328,0.07072,0.008662,0.106372,0.078452,0.068634,0.089488,0.057024,0.010308,0.03326,0.112761,0.09797
4320,0.093054,0.060477,0.015169,0.04892,0.063822,0.019592,0.034241,0.09658,0.04762,0.035198,0.091645,0.088029,0.097261,0.110008,0.098385
4567,0.018397,0.050282,0.052688,0.080698,0.119268,0.066139,0.117548,0.059129,0.049228,0.024077,0.109861,0.100644,0.051687,0.080887,0.019466
4711,0.090461,0.019085,0.129586,0.003547,0.064239,0.00826,0.125676,0.08869,0.056305,0.097598,0.083302,0.07754,0.097193,0.021455,0.037063
3748,0.039397,0.11046,0.028267,0.094964,0.091313,0.103946,0.094554,0.117947,0.025146,0.065221,0.037827,0.030091,0.035845,0.096745,0.028278
3602,0.09331,0.12342,0.127555,0.006118,0.009853,0.116078,0.063596,0.120138,0.009628,0.046337,0.004773,0.118995,0.034967,0.082126,0.043106
3850,0.017077,0.009256,0.028107,0.104138,0.068256,0.117454,0.146104,0.055658,0.112082,0.035282,0.093305,0.036271,0.025641,0.069485,0.081884
4445,0.081978,0.066693,0.077127,0.018494,0.118539,0.093859,0.042834,0.021169,0.080044,0.064677,0.058969,0.049979,0.04765,0.082535,0.095452
3939,0.098518,0.108614,0.062795,0.1195,0.029449,0.098509,0.068067,0.063495,0.015064,0.120563,0.017691,0.03205,0.064301,0.050402,0.05098
4152,0.131045,0.070186,0.10082,0.049253,0.062943,0.080434,0.039053,0.051854,0.092762,0.023737,0.062007,0.104071,0.082818,0.025837,0.023179
3898,0.015855,0.001745,0.070933,0.050513,0.121144,0.124483,0.041436,0.033611,0.097357,0.092199,0.157355,0.015168,0.055486,0.027099,0.095616
4021,0.094274,0.094331,0.072384,0.061764,0.079273,0.004646,0.080636,0.046496,0.060176,0.064709,0.03258,0.107324,0.104469,0.035843,0.061096
4030,0.008692,0.006572,0.087448,0.031533,0.122073,0.107794,0.112351,0.04297,0.009428,0.034722,0.104888,0.056705,0.070949,0.094084,0.109792
4236,0.022091,0.03176,0.017867,0.030967,0.092482,0.125776,0.10138,0.027278,0.127636,0.013912,0.025832,0.109478,0.119245,0.034746,0.119551
3653,0.053891,0.006868,0.039865,0.140718,0.088146,0.011782,0.110051,0.089097,0.139802,0.027674,0.037929,0.077679,0.009466,0.08555,0.081481
4132,0.009347,0.001839,0.112789,0.01597,0.00248,0.149024,0.134367,0.008063,0.007907,0.005117,0.048355,0.136188,0.153805,0.128344,0.086406
4770,0.060638,0.1349,0.078708,0.102597,0.015099,0.001086,0.044315,0.064212,0.028807,0.042063,0.044525,0.106752,0.116103,0.028451,0.131742
3914,0.023704,0.042359,0.095502,0.061236,0.106067,0.059096,0.061763,0.072562,0.09391,0.061031,0.108569,0.092783,0.054944,0.057419,0.009056
4438,0.118328,0.064898,0.066654,0.023263,0.011874,0.003875,0.084371,0.116648,0.032442,0.052407,0.085558,0.098721,0.065087,0.086179,0.089694
4100,0.033199,0.068161,0.039413,0.084101,0.13692,0.067014,0.126861,0.000685,0.084467,0.066521,0.081421,0.058359,0.003484,0.120087,0.029307
4759,0.045288,0.074307,0.119216,0.105701,0.111301,0.011927,0.07611,0.031642,0.017216,0.054825,0.060194,0.019342,0.146967,0.062595,0.06337
4753,0.074436,0.082243,0.096347,0.080174,0.099649,0.102081,0.034968,0.108232,0.015746,0.054457,0.078323,0.057129,0.033029,0.054903,0.028284
3763,0.078991,0.021499,0.018505,0.018268,0.054727,0.041607,0.057492,0.104505,0.08402,0.122867,0.017193,0.087318,0.111102,0.084955,0.096954
3922,0.047653,0.062602,0.049626,0.025135,0.121433,0.126454,0.091602,0.013488,0.104741,0.055654,0.110289,0.058527,0.023674,0.000328,0.108796
4366,0.068099,0.146453,0.043162,0.155484,0.11329,0.064688,0.117517,0.019369,0.042191,0.022378,0.081702,0.038191,0.020506,0.032971,0.033999
3762,0.125556,0.090432,0.050049,0.057013,0.031407,0.003643,0.080908,0.133236,0.157897,0.031754,0.004037,0.046848,0.025288,0.11102,0.050913
4294,0.06951,0.012459,0.030002,0.114076,0.021696,0.03018,0.111833,0.080273,0.048177,0.018186,0.045946,0.136178,0.118023,0.081735,0.081726
4787,0.011917,0.171916,0.017781,0.109398,0.038103,0.000924,0.063645,0.124039,0.044339,0.131928,0.012697,0.124417,0.052946,0.018394,0.077556
4083,0.107739,0.060487,0.084089,0.025001,0.118801,0.086389,0.002263,0.089122,0.041423,0.012281,0.079937,0.113212,0.095927,0.080038,0.00329
3645,0.096554,0.14198,0.054343,0.023333,0.061451,0.021002,0.112446,0.046988,0.017298,0.021341,0.086819,0.138544,0.072168,0.086073,0.019659
4766,0.005336,0.113998,0.070444,0.009465,0.001287,0.047338,0.095759,0.062612,0.108764,0.056017,0.115049,0.113845,0.055774,0.094398,0.049913
3965,0.159457,0.051682,0.0025,0.139045,0.077146,0.050874,0.074074,0.034087,0.050645,0.047023,0.067539,0.128149,0.09278,0.01253,0.012468
3896,0.079662,0.10677,0.08234,0.040851,0.044032,0.011058,0.128091,0.077177,0.034974,0.08779,0.115051,0.099806,0.001088,0.013773,0.077537
4493,0.01043,0.08467,0.102399,0.077349,0.08624,0.015877,0.11573,0.043333,0.076401,0.030686,0.095204,0.023002,0.091765,0.10779,0.039124
4549,0.034414,0.080662,0.030498,0.115825,0.064248,0.046689,0.061974,0.081575,0.052961,0.042776,0.074375,0.010401,0.135958,0.088806,0.078837
4688,0.002591,0.131114,0.071459,0.1112,0.105708,0.101399,0.001381,0.053354,0.021304,0.115766,0.080902,0.063479,0.01154,0.114291,0.014515
4473,0.040574,0.050136,0.076916,0.034212,0.05543,0.057808,0.089656,0.086948,0.083274,0.117582,0.068261,0.093257,0.044228,0.002946,0.098773
4274,0.039538,0.047708,0.062961,0.044669,0.03198,0.044199,0.110041,0.094513,0.03807,0.12419,0.003911,0.089224,0.041505,0.059089,0.168401
4542,0.071087,0.048496,0.0527,0.105817,0.088694,0.093619,0.103708,0.017143,0.03505,0.086971,0.032784,0.058697,0.065568,0.067508,0.072159
4560,0.025299,0.093983,0.11424,0.090889,0.040392,0.08881,0.02601,0.069945,0.086771,0.038841,0.088845,0.038746,0.11626,0.012422,0.06855
4657,0.057254,0.087938,0.081906,0.099481,0.054995,0.068462,0.096643,0.044258,0.042687,0.041858,0.083422,0.08213,0.074609,0.046266,0.038088
3846,0.014234,0.114172,0.006362,0.135913,0.020173,0.119041,0.001799,0.095034,0.044575,0.097487,0.045771,0.033348,0.09803,0.087474,0.086586
4584,0.135605,0.053964,0.071943,0.044419,0.012328,0.093066,0.068562,0.112057,0.006799,0.040722,0.021932,0.147817,0.001297,0.112632,0.076857
4546,0.05939,0.045893,0.133326,0.094972,0.039004,0.046121,0.003862,0.085833,0.081649,0.026969,0.021155,0.089968,0.022294,0.107903,0.141661
4077,0.020752,0.068655,0.075479,0.129196,0.103619,0.012619,0.009146,0.066413,0.05461,0.025263,0.024487,0.0994,0.097207,0.131122,0.08203
3924,0.023288,0.019211,0.091775,0.063395,0.109689,0.115782,0.003366,0.072975,0.039889,0.0744,0.049196,0.063594,0.085191,0.092796,0.095452
4714,0.091604,0.092658,0.086372,0.073259,0.0661,0.089126,0.070946,0.063688,0.063459,0.087727,0.047058,0.081864,0.017588,0.007646,0.060905
4108,0.114495,0.007472,0.026896,0.043625,0.069738,0.060851,0.049459,0.062006,0.049076,0.061624,0.103198,0.106504,0.07767,0.096293,0.071095
3702,0.100302,0.122082,0.058607,0.122532,0.099992,0.004032,0.088823,0.011235,0.022475,0.016449,0.06162,0.06539,0.119018,0.078337,0.029106
4752,0.042179,0.048989,0.101347,0.089362,0.085179,0.07158,0.077381,0.068788,0.080386,0.092571,0.058865,0.065218,0.025786,0.075079,0.01729
4516,0.081455,0.105835,0.099265,0.072201,0.042188,0.047789,0.008634,0.055756,0.105546,0.110983,0.022963,0.115739,0.059993,0.000079,0.071575
4565,0.124362,0.127767,0.038475,0.111198,0.011274,0.004456,0.053322,0.052592,0.045353,0.046527,0.066444,0.098084,0.088296,0.121686,0.010166
3604,0.010127,0.034628,0.007654,0.089139,0.096664,0.113975,0.059817,0.123623,0.116235,0.108065,0.05024,0.025791,0.077241,0.020502,0.066297
4599,0.097538,0.071857,0.064549,0.040222,0.142506,0.088759,0.106378,0.054691,0.126509,0.009601,0.107154,0.02663,0.017834,0.008724,0.037048
3879,0.076284,0.075469,0.104807,0.057469,0.080298,0.070622,0.022069,0.113391,0.052383,0.031705,0.012004,0.079612,0.109763,0.109089,0.005035
3916,0.071215,0.093722,0.080131,0.138124,0.046053,0.000305,0.136186,0.151198,0.149176,0.03183,0.000148,0.080862,0.004597,0.00702,0.009433
4597,0.071439,0.074445,0.097386,0.096763,0.04767,0.056529,0.001339,0.073185,0.0521,0.112145,0.121712,0.103044,0.01098,0.049172,0.032089
3694,0.096398,0.035814,0.115122,0.087362,0.022087,0.106904,0.073728,0.057169,0.064002,0.094567,0.013639,0.057063,0.055057,0.026144,0.094945
4163,0.076817,0.040338,0.073545,0.007452,0.065973,0.0864,0.026039,0.098894,0.040092,0.135629,0.006898,0.108962,0.100749,0.046368,0.085845
4005,0.009099,0.099018,0.051983,0.116409,0.084217,0.037718,0.04396,0.069952,0.075822,0.038407,0.018593,0.085937,0.070771,0.061036,0.137076
4333,0.12494,0.078846,0.02772,0.019295,0.013408,0.095408,0.031914,0.131625,0.129313,0.117691,0.060033,0.071736,0.077526,0.0172,0.003344
3787,0.075909,0.04971,0.001947,0.031479,0.045716,0.101192,0.092063,0.052569,0.100866,0.059768,0.10578,0.089801,0.070617,0.034101,0.088483
4143,0.006773,0.031672,0.019369,0.131766,0.043609,0.013294,0.116852,0.124571,0.059663,0.110405,0.103944,0.11068,0.043518,0.065784,0.018099
3615,0.077507,0.083872,0.007039,0.118576,0.082796,0.047401,0.00569,0.064349,0.065543,0.077671,0.08726,0.071859,0.096237,0.019227,0.094975
3784,0.01333,0.04971,0.144882,0.122951,0.090214,0.01925,0.010739,0.078849,0.108568,0.028903,0.021015,0.091337,0.122032,0.090727,0.007492
4789,0.053505,0.052707,0.003896,0.085535,0.097881,0.07918,0.090893,0.069966,0.03723,0.102542,0.049066,0.085069,0.042957,0.119437,0.030136
4566,0.018675,0.073651,0.052198,0.084406,0.006094,0.044954,0.162689,0.068722,0.041983,0.148374,0.051267,0.059247,0.029342,0.055577,0.102822
3765,0.032181,0.047774,0.003744,0.095528,0.115189,0.122528,0.090053,0.016264,0.04027,0.072977,0.033256,0.053262,0.059333,0.121789,0.09585
4463,0.07843,0.073172,0.12347,0.051583,0.118232,0.084837,0.018474,0.09157,0.040094,0.119238,0.029758,0.000991,0.048091,0.0168,0.10526
4538,0.113054,0.056775,0.033033,0.012672,0.115458,0.073915,0.103484,0.058733,0.05171,0.024366,0.10345,0.065772,0.028021,0.095414,0.064143
4326,0.007746,0.004826,0.082638,0.068703,0.064613,0.086263,0.09528,0.120179,0.068647,0.028492,0.026844,0.113231,0.0598,0.071539,0.101197
4706,0.149033,0.090614,0.081428,0.084925,0.087774,0.076747,0.016925,0.137085,0.109868,0.005703,0.02036,0.030133,0.03207,0.015148,0.062187
4754,0.092002,0.119902,0.012129,0.04515,0.042372,0.04118,0.120913,0.121199,0.129925,0.017984,0.025687,0.13082,0.042447,0.026943,0.031346
3700,0.031457,0.106857,0.098465,0.112851,0.070259,0.0796,0.059501,0.061059,0.092905,0.017389,0.062296,0.025334,0.080282,0.090601,0.011146
4273,0.119984,0.04036,0.04372,0.075057,0.115226,0.123379,0.035161,0.037773,0.048949,0.051146,0.088306,0.103107,0.050871,0.022371,0.044589
3890,0.063295,0.064572,0.043033,0.075812,0.050318,0.109692,0.123414,0.014195,0.153087,0.008014,0.086149,0.029327,0.024504,0.108011,0.046576
4713,0.07668,0.093634,0.022399,0.107843,0.08711,0.028613,0.092883,0.017195,0.095032,0.0581,0.048696,0.073173,0.089778,0.017532,0.091331
3835,0.084583,0.029458,0.015542,0.067007,0.044105,0.068692,0.115485,0.113722,0.018099,0.068568,0.01385,0.057974,0.064841,0.132454,0.105621
3986,0.13291,0.004681,0.051048,0.034753,0.133988,0.022442,0.125464,0.045146,0.114554,0.003969,0.102544,0.085301,0.022838,0.103153,0.01721
4271,0.004631,0.013261,0.124529,0.067705,0.117521,0.024258,0.137912,0.135052,0.024088,0.089735,0.094358,0.049316,0.062666,0.01981,0.035159
4308,0.059601,0.004502,0.055962,0.087263,0.096798,0.158789,0.102456,0.029112,0.107658,0.00788,0.043648,0.103418,0.030214,0.044043,0.068655
4533,0.072878,0.086889,0.114167,0.112178,0.047754,0.085716,0.022623,0.120597,0.087831,0.020185,0.017844,0.038014,0.061387,0.028882,0.083054
4715,0.019684,0.158257,0.025188,0.099142,0.05648,0.065879,0.001825,0.09637,0.104039,0.024569,0.012709,0.077812,0.108584,0.006391,0.143069
3581,0.066826,0.11884,0.095637,0.018962,0.014954,0.05484,0.101105,0.087232,0.070966,0.06493,0.106592,0.078696,0.02055,0.049558,0.050312
3573,0.026175,0.080933,0.003984,0.078815,0.12606,0.072096,0.034893,0.045692,0.021152,0.125339,0.121055,0.090223,0.054281,0.076039,0.043264
4602,0.109121,0.065618,0.045315,0.061217,0.025621,0.05191,0.027636,0.088927,0.056717,0.019144,0.111272,0.103088,0.088491,0.038151,0.10777
3607,0.036246,0.116047,0.097401,0.002089,0.111183,0.02874,0.031476,0.13987,0.048362,0.001315,0.053338,0.109581,0.080195,0.134458,0.009699
4435,0.080437,0.071077,0.077245,0.082121,0.078411,0.045678,0.007212,0.019762,0.048662,0.025318,0.060873,0.061773,0.110357,0.122161,0.108913
4138,0.097123,0.021783,0.119529,0.080862,0.009939,0.113738,0.00764,0.072189,0.076119,0.079214,0.026065,0.097045,0.102793,0.042291,0.053671
4025,0.051876,0.014812,0.097611,0.06077,0.088139,0.155742,0.066787,0.057136,0.104012,0.008922,0.105224,0.006488,0.146743,0.023014,0.012724
3727,0.019148,0.110937,0.004294,0.090469,0.112005,0.071546,0.01559,0.119878,0.110759,0.043705,0.028882,0.026207,0.100701,0.065532,0.080348
4747,0.142109,0.072696,0.149073,0.01852,0.005423,0.04548,0.031958,0.031789,0.04768,0.100103,0.063975,0.018986,0.081776,0.069991,0.12044
3767,0.049165,0.089876,0.090802,0.072787,0.01191,0.100543,0.094226,0.029509,0.100112,0.0713,0.063804,0.006755,0.048764,0.095802,0.074642
3590,0.099511,0.125604,0.095583,0.09198,0.052007,0.007808,0.025815,0.111527,0.021692,0.070934,0.027778,0.097935,0.098361,0.057211,0.016254
4260,0.045447,0.072537,0.084509,0.078781,0.00998,0.14935,0.04537,0.066581,0.01599,0.104474,0.068485,0.03751,0.005824,0.175363,0.039797
4227,0.089612,0.019177,0.086057,0.05134,0.107023,0.064669,0.028796,0.07843,0.098895,0.098656,0.036107,0.049619,0.085987,0.075766,0.029867
4422,0.064311,0.083912,0.054191,0.074354,0.070135,0.008082,0.076586,0.058667,0.069112,0.038013,0.076056,0.032003,0.099626,0.100138,0.094815
4548,0.130402,0.113883,0.098217,0.129311,0.068838,0.059977,0.050435,0.100598,0.010694,0.088016,0.039198,0.018213,0.006533,0.065825,0.01986
4508,0.0458,0.083445,0.077029,0.02491,0.103213,0.043211,0.090997,0.077561,0.160877,0.117952,0.041113,0.032394,0.03631,0.029253,0.035933
4117,0.091177,0.03484,0.097583,0.083063,0.059097,0.088379,0.054566,0.058451,0.050997,0.082254,0.089236,0.093109,0.023096,0.061298,0.032857
4229,0.0499,0.057249,0.09769,0.079084,0.049683,0.103349,0.067638,0.042786,0.073566,0.054241,0.007347,0.04806,0.050313,0.116687,0.102408
4510,0.107256,0.048859,0.071504,0.103054,0.039109,0.045912,0.085149,0.004013,0.116391,0.067224,0.034965,0.009594,0.083802,0.073781,0.109385
4070,0.113147,0.045468,0.103818,0.003361,0.090544,0.056547,0.095659,0.04786,0.018803,0.095885,0.077733,0.030693,0.045165,0.110188,0.065129
4385,0.03341,0.047182,0.113517,0.076278,0.034983,0.036335,0.034108,0.051199,0.114776,0.09995,0.057928,0.041344,0.057045,0.113939,0.088006
3880,0.03437,0.099693,0.027339,0.066738,0.108142,0.023291,0.060494,0.092192,0.055589,0.058635,0.099886,0.060073,0.081881,0.068929,0.062749
3643,0.136646,0.109343,0.125169,0.043443,0.011084,0.027965,0.10375,0.006001,0.116879,0.058116,0.088082,0.033444,0.033168,0.04574,0.061171
4139,0.048127,0.098912,0.035408,0.029972,0.107959,0.129598,0.057073,0.000452,0.015003,0.014598,0.054305,0.100708,0.10497,0.107286,0.09563
4539,0.101182,0.075405,0.041279,0.07745,0.045725,0.045788,0.081814,0.068562,0.107536,0.095444,0.05536,0.092894,0.068545,0.002797,0.04022
4436,0.014117,0.077825,0.102344,0.058557,0.118863,0.105375,0.04568,0.07434,0.062769,0.077119,0.029456,0.038887,0.060358,0.052552,0.081758
3830,0.057029,0.042943,0.06112,0.058377,0.035539,0.106736,0.092189,0.062632,0.13495,0.064822,0.086744,0.059556,0.023686,0.00671,0.106966
4360,0.012651,0.069913,0.151778,0.040907,0.022032,0.103552,0.135409,0.040252,0.036694,0.109194,0.020326,0.11393,0.012637,0.119276,0.011447
4547,0.013874,0.050092,0.027029,0.035224,0.050356,0.215319,0.003318,0.015401,0.107572,0.071472,0.233993,0.027172,0.017599,0.013722,0.117858
4681,0.01415,0.10414,0.062338,0.013738,0.069406,0.11092,0.06295,0.100354,0.013873,0.104493,0.024248,0.112457,0.106396,0.055282,0.045255
3818,0.062502,0.028741,0.065288,0.044559,0.083867,0.120602,0.106634,0.051054,0.101381,0.020328,0.066682,0.116991,0.092131,0.036064,0.003176
4593,0.021091,0.006411,0.036849,0.119199,0.033856,0.064602,0.030034,0.076641,0.086722,0.019756,0.146637,0.000793,0.063707,0.115308,0.178394
4656,0.004847,0.133808,0.100471,0.057053,0.097575,0.033904,0.080719,0.002715,0.090627,0.076642,0.012453,0.071793,0.116826,0.003431,0.117134
4151,0.067727,0.010781,0.086345,0.076279,0.143496,0.003189,0.113306,0.061593,0.076088,0.042082,0.015171,0.11905,0.08128,0.009657,0.093957
3942,0.004246,0.164436,0.130779,0.067751,0.073556,0.041398,0.008783,0.07926,0.005921,0.079233,0.000548,0.061368,0.083333,0.135186,0.064203
4382,0.007053,0.057367,0.016804,0.070333,0.15552,0.010548,0.076072,0.143415,0.074871,0.04709,0.088285,0.109058,0.130882,0.006502,0.006201
3825,0.040945,0.033564,0.122189,0.053072,0.047891,0.092463,0.063051,0.094046,0.03237,0.129168,0.127509,0.018727,0.032198,0.030721,0.082087
3577,0.06962,0.045984,0.083395,0.115859,0.057976,0.000686,0.10734,0.060402,0.039119,0.01437,0.114314,0.068231,0.125423,0.094358,0.002922
4561,0.09435,0.046163,0.129811,0.068346,0.06524,0.050347,0.090338,0.092785,0.049523,0.10272,0.032034,0.032187,0.109843,0.033932,0.00238
4379,0.053001,0.009689,0.057849,0.07326,0.032961,0.099642,0.028558,0.09168,0.067268,0.057904,0.113697,0.098116,0.049249,0.084823,0.082304
4064,0.152776,0.067287,0.02297,0.036823,0.165585,0.00504,0.042093,0.143112,0.016889,0.001211,0.103833,0.026921,0.062664,0.025485,0.127311
3623,0.026595,0.013771,0.032797,0.120373,0.050385,0.022432,0.105948,0.006349,0.158945,0.025499,0.106134,0.088528,0.115611,0.10894,0.017694
4214,0.055785,0.074814,0.044168,0.036081,0.059378,0.053505,0.090623,0.050647,0.035198,0.003926,0.045655,0.103642,0.097018,0.133922,0.115637
4582,0.132937,0.117127,0.012746,0.056479,0.045178,0.045663,0.123308,0.106222,0.035067,0.027677,0.130629,0.017937,0.093631,0.017778,0.037622
4217,0.112839,0.089872,0.06674,0.057836,0.063638,0.071183,0.04097,0.087514,0.019201,0.010148,0.063398,0.114006,0.095978,0.013156,0.09352
3570,0.135145,0.065418,0.15035,0.003587,0.008369,0.096037,0.011159,0.004479,0.063487,0.102996,0.117079,0.012867,0.111036,0.117119,0.000872
3946,0.081089,0.0236,0.013744,0.064423,0.061712,0.066617,0.094325,0.036573,0.14854,0.026318,0.115387,0.069336,0.030949,0.106787,0.0606
3582,0.033249,0.029195,0.060799,0.067712,0.103022,0.11009,0.055876,0.091114,0.056816,0.088366,0.111279,0.056763,0.014366,0.021673,0.099683
3822,0.007286,0.020781,0.025078,0.086292,0.092068,0.059093,0.104304,0.052006,0.089637,0.010349,0.082856,0.088314,0.084366,0.108523,0.089047
4373,0.01237,0.098308,0.075175,0.106059,0.051796,0.03363,0.045268,0.001329,0.036415,0.122787,0.115271,0.04945,0.109713,0.071708,0.070721
4619,0.038265,0.032901,0.018966,0.116032,0.086573,0.13462,0.035004,0.061285,0.135566,0.016922,0.002947,0.056199,0.078596,0.154294,0.031829
4072,0.088277,0.079375,0.039032,0.103518,0.047647,0.07358,0.09967,0.101002,0.026843,0.068708,0.052892,0.006418,0.066679,0.10088,0.045479
4611,0.071381,0.147046,0.078435,0.035656,0.026933,0.102022,0.085149,0.040733,0.026833,0.119609,0.073328,0.019056,0.079109,0.033328,0.061382
4133,0.081171,0.081208,0.005305,0.094439,0.040868,0.115272,0.084554,0.056713,0.000392,0.049867,0.094985,0.06429,0.02538,0.111546,0.094008
4644,0.062661,0.116608,0.098956,0.094402,0.01617,0.063823,0.051258,0.054776,0.083663,0.016952,0.100093,0.021128,0.119514,0.067802,0.032195
4106,0.05391,0.100207,0.054968,0.133801,0.056414,0.037112,0.146524,0.127374,0.111673,0.001577,0.038711,0.010734,0.050583,0.057964,0.018448
4604,0.043983,0.081482,0.036928,0.084164,0.044082,0.098763,0.025921,0.109873,0.08053,0.054518,0.078186,0.059937,0.099324,0.084446,0.017864
4479,0.004052,0.117129,0.063032,0.072201,0.080406,0.057262,0.003726,0.041614,0.094226,0.066436,0.040105,0.126861,0.053089,0.132091,0.047769
4058,0.070605,0.017227,0.025593,0.059997,0.155863,0.151793,0.017416,0.065355,0.00241,0.098809,0.093551,0.106604,0.087965,0.001815,0.044998
3853,0.088815,0.049439,0.036044,0.09582,0.016611,0.058551,0.085686,0.110455,0.067337,0.033078,0.091502,0.05433,0.108198,0.000313,0.103821
3936,0.039864,0.11367,0.02459,0.100512,0.039103,0.087618,0.070462,0.104665,0.053649,0.048385,0.13111,0.038562,0.010096,0.052333,0.085382
4554,0.058412,0.126155,0.069112,0.086164,0.058354,0.077598,0.053758,0.091615,0.10355,0.119673,0.001286,0.00441,0.020832,0.038343,0.090738
4675,0.09217,0.099506,0.030482,0.001388,0.074127,0.088142,0.047503,0.032776,0.091197,0.012195,0.110244,0.081265,0.069757,0.098424,0.070825
3715,0.032108,0.114662,0.007503,0.096941,0.053824,0.092461,0.086381,0.090769,0.10463,0.012434,0.099717,0.069985,0.103456,0.02551,0.00962
4417,0.028875,0.125363,0.003697,0.001574,0.113628,0.000236,0.081334,0.017064,0.075885,0.123702,0.121278,0.049167,0.089346,0.082823,0.086026
4247,0.144027,0.041902,0.051975,0.016422,0.071364,0.113257,0.0294,0.119252,0.029161,0.019704,0.119745,0.045234,0.099792,0.074587,0.024178
4367,0.098381,0.088097,0.032042,0.091483,0.069639,0.017928,0.00477,0.142692,0.051283,0.098652,0.033527,0.054608,0.017852,0.053451,0.145593
3814,0.086931,0.030946,0.038939,0.127725,0.035158,0.142841,0.059784,0.046962,0.136546,0.041868,0.081051,0.082726,0.017787,0.024789,0.045948
3563,0.064291,0.105686,0.012291,0.125143,0.104535,0.036397,0.019617,0.116634,0.048879,0.042104,0.012022,0.120207,0.081556,0.096621,0.014017
4116,0.066024,0.026692,0.1132,0.045886,0.094869,0.067771,0.004239,0.065408,0.068291,0.047015,0.036991,0.081945,0.118601,0.101255,0.061812
4279,0.011264,0.084106,0.119244,0.027559,0.020927,0.103885,0.006566,0.087896,0.090408,0.072493,0.046072,0.121541,0.092715,0.013359,0.101965
4107,0.040987,0.040183,0.072135,0.084868,0.076725,0.069211,0.064373,0.124817,0.086673,0.123615,0.000752,0.091848,0.002865,0.030964,0.089986
4076,0.091655,0.058417,0.086752,0.000921,0.117379,0.068197,0.106666,0.068341,0.107507,0.115646,0.012505,0.083452,0.032881,0.03177,0.017909
4682,0.122427,0.107056,0.062491,0.150413,0.16752,0.011658,0.044829,0.003322,0.085875,0.122034,0.051504,0.014177,0.035777,0.014463,0.006455
3943,0.098468,0.031572,0.004075,0.102995,0.079824,0.108729,0.123448,0.05129,0.044953,0.107219,0.008471,0.013681,0.087435,0.040456,0.097385
3637,0.057616,0.093324,0.07244,0.094185,0.122262,0.02518,0.065812,0.109796,0.065257,0.080304,0.064364,0.059777,0.02097,0.048214,0.0205
4063,0.078283,0.110856,0.034094,0.097526,0.063335,0.080727,0.081923,0.078073,0.073162,0.061797,0.056333,0.007832,0.033373,0.0893,0.053387
3635,0.051691,0.042465,0.0858,0.102423,0.07064,0.073493,0.036515,0.114406,0.117727,0.014124,0.121416,0.013097,0.086921,0.037974,0.031309
3626,0.063684,0.069402,0.089454,0.115136,0.060227,0.060879,0.047512,0.012529,0.10728,0.12086,0.047521,0.027941,0.038917,0.038259,0.1004
3788,0.128047,0.045044,0.074188,0.032305,0.010806,0.028793,0.045042,0.075999,0.047821,0.064018,0.077414,0.110253,0.124508,0.05961,0.076151
4693,0.107264,0.074967,0.021857,0.044464,0.114669,0.005855,0.101496,0.01242,0.085886,0.1076,0.023957,0.089724,0.030799,0.113131,0.065911
3925,0.093751,0.100909,0.129623,0.061935,0.03398,0.091892,0.04521,0.072839,0.002597,0.016562,0.112649,0.01598,0.131537,0.011517,0.07902
4180,0.105258,0.02193,0.098455,0.033289,0.087381,0.039571,0.034068,0.082646,0.012334,0.100466,0.082313,0.098531,0.084057,0.03352,0.086179
4220,0.001224,0.010945,0.108712,0.085243,0.029634,0.020309,0.045687,0.134103,0.076223,0.106468,0.00375,0.121237,0.122708,0.058231,0.075526
4128,0.075601,0.031998,0.114415,0.09351,0.002853,0.026139,0.014345,0.036971,0.116328,0.08787,0.085559,0.065833,0.108444,0.069742,0.07039
3848,0.012587,0.027931,0.042315,0.054532,0.056399,0.123242,0.12562,0.017927,0.04147,0.032968,0.05552,0.102097,0.128384,0.108778,0.070229
4028,0.112589,0.075846,0.147006,0.138172,0.056349,0.026942,0.047618,0.02228,0.037439,0.137912,0.052916,0.049126,0.084514,0.008863,0.002427
4635,0.005785,0.084161,0.0702,0.125528,0.003856,0.113214,0.029068,0.086476,0.075211,0.032024,0.076015,0.000946,0.084685,0.127,0.085833
4249,0.034704,0.110255,0.015212,0.123526,0.073959,0.061603,0.115737,0.130959,0.100519,0.021171,0.117684,0.013234,0.015805,0.044518,0.021113
4097,0.001339,0.129402,0.074364,0.102718,0.075882,0.003037,0.064051,0.039686,0.083399,0.078673,0.035797,0.076754,0.048017,0.101169,0.085712
3677,0.098667,0.101871,0.105019,0.117273,0.011856,0.043091,0.099894,0.110244,0.010407,0.070014,0.041425,0.025012,0.010761,0.116473,0.037992
4199,0.099143,0.009765,0.027791,0.071322,0.124247,0.098721,0.094757,0.166959,0.000973,0.00044,0.058347,0.030324,0.055179,0.146734,0.015298
4792,0.101126,0.098893,0.04867,0.061919,0.115179,0.015377,0.002605,0.062595,0.117636,0.14372,0.055675,0.054614,0.063207,0.051499,0.007286
4033,0.081445,0.00962,0.105614,0.115608,0.064269,0.08099,0.079568,0.088907,0.057806,0.126742,0.023186,0.008679,0.045268,0.067138,0.045161
4184,0.046328,0.111988,0.081117,0.034257,0.046399,0.016088,0.111995,0.071083,0.083416,0.068694,0.017453,0.087968,0.055632,0.099632,0.067948
3578,0.076329,0.079422,0.063431,0.126404,0.089112,0.09871,0.01307,0.102197,0.128879,0.078391,0.055688,0.011949,0.006154,0.057929,0.012335
3882,0.073552,0.029636,0.101122,0.032445,0.091345,0.01557,0.00325,0.021961,0.101591,0.038438,0.106402,0.093154,0.074478,0.112579,0.104476
4526,0.110124,0.036292,0.055576,0.175904,0.006624,0.053911,0.021969,0.053371,0.148193,0.052424,0.046111,0.016181,0.064956,0.054399,0.103966
3993,0.06785,0.096491,0.113043,0.118389,0.041394,0.063911,0.035542,0.104054,0.049265,0.0678,0.029436,0.005925,0.075264,0.087293,0.044343
3980,0.086887,0.128128,0.027841,0.114397,0.114478,0.001774,0.04555,0.071505,0.055869,0.023155,0.048071,0.053376,0.086248,0.046778,0.095944
3732,0.075732,0.057891,0.066195,0.047792,0.007908,0.110267,0.052439,0.076531,0.038533,0.026661,0.134025,0.121023,0.036854,0.064092,0.084057
4622,0.037299,0.080896,0.006572,0.067575,0.067556,0.085823,0.082102,0.097669,0.06326,0.039331,0.0865,0.030933,0.1037,0.061132,0.089652
4705,0.020304,0.125103,0.090395,0.034372,0.006369,0.055052,0.091671,0.066393,0.047441,0.066954,0.157813,0.068154,0.04102,0.006661,0.122297
3773,0.036771,0.121521,0.105563,0.106315,0.001501,0.053192,0.068664,0.086093,0.103931,0.03206,0.057449,0.056047,0.035453,0.056484,0.078956
3561,0.032934,0.131064,0.05434,0.111903,0.063876,0.007672,0.085631,0.054502,0.013741,0.054794,0.159385,0.087914,0.013188,0.09749,0.031565
3758,0.010171,0.021773,0.138673,0.001597,0.076216,0.058073,0.169877,0.043134,0.113636,0.001416,0.140046,0.053735,0.106185,0.00648,0.058988
4616,0.10501,0.001453,0.116606,0.071863,0.074166,0.07619,0.106056,0.085438,0.015949,0.056474,0.022618,0.117026,0.068243,0.007972,0.074936
4778,0.041536,0.096222,0.021032,0.016729,0.004543,0.026426,0.079472,0.128371,0.15706,0.029458,0.08689,0.018926,0.064577,0.075242,0.153517
4679,0.074155,0.005573,0.019477,0.012668,0.055196,0.017645,0.139146,0.120857,0.081037,0.121248,0.026897,0.092445,0.010553,0.111199,0.111905
3837,0.14238,0.122119,0.042486,0.039046,0.077899,0.004409,0.043885,0.047836,0.124161,0.118016,0.063336,0.105676,0.006178,0.030875,0.031697
4390,0.049147,0.102746,0.12378,0.095785,0.043943,0.074893,0.091674,0.057919,0.038762,0.084048,0.091241,0.077411,0.040612,0.010975,0.017064
4195,0.024228,0.118016,0.131598,0.053789,0.096373,0.045549,0.013067,0.027096,0.066826,0.025007,0.055474,0.082788,0.076827,0.118996,0.064367
4298,0.063772,0.093046,0.051957,0.014648,0.090701,0.035272,0.129236,0.047499,0.098377,0.080382,0.063682,0.088644,0.00733,0.026481,0.108974
3861,0.072758,0.113755,0.142636,0.045267,0.103702,0.105016,0.057677,0.005645,0.049514,0.014202,0.083646,0.109769,0.028515,0.038213,0.029686
4497,0.113105,0.039037,0.028291,0.096183,0.055683,0.086159,0.031294,0.059872,0.076455,0.03444,0.005512,0.046353,0.166484,0.06934,0.09179
3858,0.14318,0.093879,0.032183,0.102157,0.063145,0.064698,0.009684,0.077653,0.062056,0.006271,0.112358,0.050298,0.070775,0.033682,0.077981
4702,0.022834,0.140377,0.033641,0.038154,0.062283,0.075991,0.073034,0.124778,0.117719,0.024084,0.081517,0.061412,0.136144,0.004179,0.003853
3836,0.022024,0.021983,0.04478,0.064489,0.082063,0.105826,0.02643,0.081217,0.05581,0.0418,0.067832,0.103112,0.080027,0.084154,0.118454
3782,0.122579,0.086496,0.013495,0.080321,0.119057,0.005125,0.050639,0.080987,0.083739,0.037466,0.094223,0.041993,0.026421,0.056489,0.100968
3619,0.108096,0.034322,0.107089,0.015386,0.090678,0.022497,0.05939,0.103664,0.02082,0.082542,0.087222,0.028613,0.071737,0.114608,0.053336
3600,0.009208,0.045933,0.029889,0.112346,0.080358,0.011238,0.032632,0.083311,0.098031,0.106939,0.082361,0.094918,0.103586,0.082996,0.026255
3833,0.000501,0.013956,0.081648,0.099002,0.115463,0.079631,0.008491,0.034838,0.081106,0.079247,0.114404,0.099015,0.005517,0.10664,0.080541
3860,0.108158,0.021535,0.017714,0.130732,0.099079,0.029755,0.053135,0.077417,0.00741,0.028268,0.117617,0.111686,0.086285,0.095734,0.015476
4316,0.07203,0.060657,0.019328,0.029395,0.058947,0.12248,0.088705,0.020179,0.157468,0.049176,0.011632,0.049963,0.082822,0.153567,0.023652
4029,0.053929,0.000095,0.041479,0.071851,0.013843,0.094709,0.047045,0.092846,0.041822,0.118836,0.124283,0.099016,0.107406,0.076938,0.015903
4059,0.100902,0.045571,0.010896,0.020931,0.089008,0.009464,0.123329,0.080779,0.11549,0.099257,0.054104,0.060936,0.099638,0.024254,0.065442
4372,0.125947,0.001108,0.03787,0.024138,0.128045,0.107348,0.103076,0.002075,0.098533,0.108186,0.083338,0.03369,0.102121,0.016103,0.02842
4708,0.023507,0.088579,0.021872,0.083671,0.054988,0.058567,0.113316,0.080896,0.103678,0.104589,0.092131,0.053553,0.027706,0.043015,0.049932
3957,0.08859,0.042715,0.109074,0.057231,0.046602,0.081134,0.034276,0.022967,0.072075,0.075703,0.020983,0.090061,0.137889,0.032941,0.08776
4238,0.004048,0.010242,0.163015,0.051569,0.146772,0.031843,0.032256,0.008815,0.136283,0.048312,0.00479,0.135846,0.112124,0.006958,0.107126
4623,0.082071,0.048704,0.000448,0.032057,0.104767,0.001452,0.103234,0.05406,0.035069,0.064585,0.114357,0.076954,0.087505,0.068395,0.126342
4322,0.072348,0.076327,0.095698,0.059573,0.09828,0.099394,0.05992,0.056471,0.085045,0.013202,0.050906,0.052527,0.015911,0.059157,0.105242
4617,0.051213,0.090262,0.086827,0.041266,0.131386,0.025171,0.108811,0.115246,0.006219,0.059724,0.008944,0.089349,0.0722,0.005232,0.108151
3609,0.117506,0.015464,0.097047,0.062359,0.043676,0.096607,0.053478,0.107405,0.080655,0.024121,0.061949,0.093997,0.10254,0.012193,0.031001
4654,0.055174,0.043457,0.08363,0.075156,0.089705,0.077449,0.103397,0.083156,0.027736,0.109931,0.105724,0.03907,0.037115,0.051934,0.017367
4731,0.072441,0.025335,0.051432,0.022069,0.133028,0.103614,0.111135,0.019585,0.063831,0.11458,0.040728,0.082593,0.056354,0.046317,0.056957
4481,0.026655,0.00844,0.013391,0.118072,0.042667,0.076703,0.123448,0.033613,0.127384,0.098324,0.093299,0.051353,0.098146,0.050751,0.037754
3650,0.109622,0.033213,0.121239,0.08385,0.025763,0.094079,0.057219,0.040008,0.059945,0.009206,0.078957,0.097393,0.120146,0.025865,0.043495
4365,0.129869,0.00149,0.080361,0.026039,0.149047,0.090844,0.040653,0.025034,0.035004,0.075868,0.028448,0.075203,0.10562,0.082412,0.054108
3595,0.119308,0.013641,0.031239,0.024905,0.033098,0.052191,0.098554,0.085258,0.054408,0.111223,0.049289,0.051983,0.114951,0.06309,0.096863
3901,0.139119,0.024524,0.039194,0.031487,0.153091,0.110506,0.093418,0.066839,0.005349,0.108574,0.058546,0.065674,0.027243,0.001719,0.074718
4432,0.087768,0.084833,0.053025,0.046623,0.059644,0.115342,0.114688,0.05332,0.067334,0.036375,0.023099,0.075801,0.107247,0.034924,0.039979
3657,0.109699,0.034582,0.033993,0.139463,0.02654,0.047623,0.011502,0.074748,0.106212,0.046483,0.170117,0.052549,0.078626,0.054335,0.013527
4230,0.025244,0.088215,0.092946,0.105989,0.020681,0.059928,0.026005,0.002671,0.064453,0.148501,0.14216,0.064532,0.045994,0.019278,0.093404
3718,0.107501,0.015557,0.033133,0.041021,0.039766,0.000329,0.10672,0.107587,0.13824,0.090355,0.043775,0.058416,0.059607,0.110731,0.047261
3774,0.011867,0.113153,0.042093,0.013919,0.08909,0.064741,0.11584,0.10911,0.082054,0.081213,0.082555,0.038985,0.099309,0.014509,0.041563
4315,0.027348,0.016113,0.094319,0.095571,0.105701,0.024888,0.067153,0.089584,0.080347,0.113459,0.099673,0.062883,0.02593,0.042326,0.054703
3648,0.053404,0.098743,0.108882,0.094689,0.114438,0.038608,0.003573,0.021805,0.133473,0.0656,0.052308,0.071841,0.043541,0.026655,0.07244
4750,0.04408,0.053633,0.066704,0.102184,0.0482,0.054446,0.069515,0.006646,0.105274,0.086213,0.101923,0.01393,0.086745,0.072787,0.08772
3692,0.010043,0.111423,0.112275,0.084952,0.070395,0.055479,0.035335,0.005456,0.085924,0.066178,0.101878,0.096319,0.07425,0.02706,0.063033
4042,0.018946,0.100782,0.08119,0.05879,0.105567,0.126937,0.043177,0.052135,0.124148,0.08157,0.011729,0.071117,0.0301,0.005286,0.088527
4361,0.006761,0.060194,0.052716,0.024643,0.113334,0.090919,0.103717,0.06736,0.015685,0.020275,0.0891,0.049327,0.121331,0.089087,0.095552
4437,0.02503,0.028845,0.019711,0.141843,0.122681,0.011762,0.115104,0.044689,0.065632,0.060302,0.073993,0.076418,0.044156,0.115228,0.054606
3930,0.003348,0.059592,0.120495,0.003991,0.072885,0.025153,0.070205,0.051069,0.070695,0.052861,0.038534,0.054366,0.141469,0.1443,0.091037
4647,0.043023,0.016055,0.139671,0.05901,0.030699,0.022386,0.006294,0.058386,0.001078,0.094828,0.135651,0.126985,0.07364,0.067562,0.124731
4239,0.020442,0.043938,0.010558,0.123634,0.065294,0.069309,0.122878,0.019603,0.082993,0.01892,0.105045,0.146493,0.051339,0.107028,0.012526
4772,0.092931,0.076634,0.052003,0.012603,0.048304,0.099643,0.045369,0.092244,0.060332,0.087612,0.048978,0.063093,0.064836,0.044328,0.111089
3792,0.106945,0.066547,0.065248,0.035427,0.076953,0.023166,0.011089,0.063964,0.135009,0.073246,0.104224,0.073024,0.090118,0.01915,0.055889
4627,0.082094,0.073373,0.122133,0.110693,0.060656,0.125184,0.011254,0.032219,0.060732,0.049258,0.005803,0.068773,0.114773,0.014242,0.068812
