@relation doc-subject

@attribute clusterID numeric
@attribute filename numeric
@attribute Subject0 numeric
@attribute Subject1 numeric
@attribute Subject2 numeric
@attribute Subject3 numeric
@attribute Subject4 numeric
@attribute Subject5 numeric
@attribute Subject6 numeric
@attribute Subject7 numeric
@attribute Subject8 numeric
@attribute Subject9 numeric
@attribute Subject10 numeric
@attribute Subject11 numeric
@attribute Subject12 numeric
@attribute Subject13 numeric
@attribute Subject14 numeric

@data
-1,3339,0.092197,0.034784,0.007876,0.128468,0.033054,0.068186,0.074441,0.062759,0.014739,0.141321,0.016024,0.040779,0.08797,0.10594,0.091464
-1,2896,0.004654,0.01059,0.102557,0.035028,0.093528,0.03251,0.112085,0.05114,0.127337,0.079945,0.103378,0.045423,0.054914,0.046462,0.100449
-1,3418,0.046446,0.037327,0.063969,0.001296,0.138495,0.047687,0.11096,0.052163,0.132328,0.110474,0.024992,0.068743,0.081028,0.083205,0.000887
-1,2909,0.037337,0.051064,0.009918,0.015023,0.175432,0.054807,0.021012,0.089747,0.021212,0.049204,0.135197,0.13595,0.048447,0.03249,0.123159
-1,3385,0.015455,0.001099,0.046334,0.075586,0.071563,0.098409,0.133322,0.081243,0.060341,0.032543,0.000575,0.092688,0.095592,0.082262,0.112988
-1,3223,0.119617,0.044673,0.057064,0.093623,0.102043,0.019288,0.061693,0.09385,0.09437,0.140434,0.016728,0.012517,0.029076,0.008944,0.106078
-1,3233,0.108907,0.062601,0.02611,0.116517,0.127534,0.07636,0.008366,0.004724,0.037989,0.081313,0.006759,0.096485,0.119592,0.067346,0.059397
-1,3047,0.055482,0.044772,0.104468,0.097937,0.020974,0.029434,0.0225,0.002242,0.141686,0.090159,0.118613,0.088337,0.004247,0.052739,0.126409
-1,3124,0.008552,0.078439,0.111777,0.063163,0.016364,0.08203,0.024214,0.001574,0.065796,0.012734,0.144865,0.038741,0.090329,0.108483,0.152939
-1,2985,0.030841,0.013809,0.036949,0.123327,0.010524,0.059431,0.074129,0.141361,0.10544,0.025512,0.0494,0.038536,0.096604,0.109968,0.08417
-1,3325,0.006263,0.058271,0.058592,0.076378,0.133901,0.017519,0.071022,0.096223,0.041732,0.152834,0.040101,0.089214,0.077517,0.032141,0.048293
-1,3081,0.049472,0.06912,0.069466,0.03243,0.155066,0.072004,0.037746,0.079001,0.04336,0.064506,0.016559,0.051666,0.001229,0.161192,0.097182
-1,3014,0.13723,0.067421,0.067491,0.009639,0.119529,0.068306,0.091716,0.019536,0.137022,0.04326,0.007917,0.021146,0.105175,0.000672,0.103939
-1,2897,0.025234,0.023039,0.107111,0.043477,0.102876,0.111289,0.047589,0.027237,0.077709,0.089324,0.099092,0.004373,0.105591,0.117209,0.01885
-1,3051,0.056075,0.112433,0.10051,0.046947,0.017986,0.006084,0.06375,0.01636,0.103848,0.059274,0.083999,0.095888,0.021309,0.085346,0.13019
-1,3166,0.112339,0.011914,0.033718,0.027066,0.027197,0.07051,0.119372,0.018013,0.125395,0.098673,0.047504,0.041407,0.030799,0.091199,0.144893
-1,3106,0.003368,0.019664,0.003312,0.094189,0.063266,0.084687,0.088469,0.0408,0.137129,0.135357,0.028771,0.008025,0.153009,0.018253,0.121701
-1,2942,0.084671,0.002523,0.029736,0.036179,0.190462,0.057392,0.10286,0.047156,0.004912,0.101717,0.078039,0.052777,0.134417,0.036654,0.040505
-1,2885,0.079007,0.079871,0.135889,0.013376,0.091701,0.136275,0.131266,0.012351,0.015216,0.025083,0.001661,0.116708,0.042863,0.052618,0.066114
-1,3065,0.030535,0.090283,0.036512,0.014475,0.057769,0.034326,0.022036,0.0866,0.063853,0.126806,0.140989,0.078642,0.085812,0.032743,0.098619
-1,3096,0.01919,0.0144,0.142721,0.101588,0.162622,0.003112,0.017241,0.032323,0.102722,0.029218,0.142002,0.126912,0.021504,0.058152,0.026293
-1,3098,0.019137,0.117976,0.036203,0.030516,0.116743,0.055271,0.00007,0.022972,0.11764,0.089174,0.015983,0.096899,0.151661,0.112473,0.017285
-1,3352,0.132316,0.076676,0.082291,0.037455,0.140837,0.01412,0.113639,0.08525,0.012138,0.113728,0.064662,0.031719,0.003625,0.082939,0.008606
-1,2922,0.116745,0.035819,0.12449,0.034043,0.136979,0.091334,0.051225,0.112512,0.040799,0.00594,0.093132,0.02718,0.063599,0.014347,0.051857
-1,2921,0.067641,0.120082,0.090149,0.017949,0.020206,0.000147,0.064172,0.096025,0.064738,0.1206,0.105957,0.094349,0.054954,0.067853,0.015177
-1,3203,0.102858,0.087343,0.149369,0.106493,0.069037,0.03321,0.011919,0.00915,0.001104,0.056012,0.122043,0.029105,0.051898,0.061465,0.108995
-1,3195,0.000494,0.046406,0.030564,0.123025,0.127878,0.055226,0.083853,0.099753,0.036193,0.047189,0.046181,0.123594,0.012793,0.060018,0.106834
-1,3375,0.01188,0.061546,0.107452,0.079655,0.04342,0.150145,0.120734,0.042197,0.001576,0.092936,0.093008,0.012939,0.082799,0.084271,0.015444
-1,3427,0.004381,0.053586,0.084043,0.068274,0.062698,0.025457,0.03639,0.113228,0.113798,0.079641,0.095861,0.045971,0.119583,0.002691,0.094398
-1,2879,0.076758,0.081006,0.018398,0.110519,0.014916,0.020913,0.025008,0.129132,0.059327,0.082326,0.112292,0.110727,0.106908,0.04857,0.003202
-1,3215,0.013383,0.08831,0.094938,0.095716,0.094724,0.018148,0.1165,0.049772,0.138744,0.038022,0.115965,0.068143,0.018697,0.032933,0.016006
-1,2915,0.061438,0.060303,0.035585,0.000614,0.08875,0.050133,0.025905,0.065399,0.086726,0.026532,0.104184,0.175087,0.039579,0.048509,0.131256
-1,3279,0.007957,0.107833,0.045209,0.017489,0.020601,0.069164,0.07918,0.072785,0.027683,0.055746,0.164535,0.097058,0.071637,0.064804,0.098319
-1,3120,0.053347,0.142804,0.114288,0.00516,0.065742,0.043723,0.109296,0.02067,0.110457,0.034178,0.105588,0.008217,0.00252,0.101052,0.08296
-1,3126,0.094971,0.124631,0.01088,0.109141,0.001834,0.036876,0.057235,0.016196,0.078813,0.087126,0.099826,0.0191,0.094888,0.13199,0.036494
-1,2981,0.098459,0.037286,0.149887,0.004718,0.072652,0.022668,0.103933,0.005668,0.01166,0.006064,0.029973,0.177071,0.016248,0.147946,0.115767
-1,3049,0.086888,0.063838,0.077756,0.031907,0.128586,0.03383,0.113526,0.15031,0.145091,0.066157,0.050328,0.025532,0.012634,0.004558,0.009058
-1,3157,0.039985,0.146316,0.038075,0.022422,0.110905,0.110364,0.047408,0.022572,0.039493,0.101782,0.08675,0.126003,0.080128,0.005493,0.022304
-1,2933,0.010903,0.028697,0.127133,0.027911,0.099604,0.126109,0.046318,0.059672,0.115495,0.025042,0.119216,0.068158,0.117247,0.005629,0.022866
-1,3388,0.042182,0.022147,0.081931,0.090653,0.077902,0.149794,0.076247,0.055221,0.095849,0.109316,0.018949,0.010026,0.010632,0.033287,0.125865
-1,2869,0.036282,0.144701,0.110437,0.076601,0.050233,0.01085,0.105739,0.01554,0.100787,0.030545,0.078635,0.097138,0.054991,0.064517,0.023003
-1,3404,0.09722,0.050275,0.117651,0.08134,0.025811,0.040591,0.066384,0.137613,0.006799,0.066441,0.057265,0.112724,0.014023,0.121198,0.004667
-1,2865,0.1236,0.122107,0.048362,0.115905,0.007206,0.102989,0.108925,0.020173,0.079014,0.105753,0.059964,0.007483,0.002121,0.013184,0.083214
-1,3209,0.031547,0.024984,0.098616,0.03659,0.072694,0.127897,0.0564,0.011506,0.113594,0.111568,0.029511,0.107124,0.040084,0.10159,0.036297
-1,2940,0.03447,0.134005,0.042219,0.029988,0.050417,0.042722,0.075695,0.099998,0.034981,0.113188,0.152838,0.07513,0.020472,0.008191,0.085686
-1,3143,0.044694,0.062934,0.105214,0.025997,0.143875,0.028407,0.11508,0.004798,0.002815,0.08112,0.126093,0.114489,0.01796,0.013742,0.112782
-1,3020,0.009235,0.117888,0.149376,0.081235,0.051527,0.061062,0.00013,0.035195,0.06109,0.104315,0.085293,0.033462,0.0553,0.057484,0.097408
-1,3293,0.009208,0.084826,0.095852,0.001786,0.075189,0.081027,0.001977,0.018844,0.088977,0.081373,0.074136,0.024542,0.12271,0.128682,0.11087
-1,3256,0.059844,0.017598,0.060296,0.040465,0.092494,0.098032,0.094389,0.116907,0.01035,0.103213,0.117674,0.099373,0.017754,0.059591,0.012021
-1,2887,0.045618,0.095337,0.113747,0.034776,0.117248,0.091009,0.002268,0.096019,0.092499,0.051547,0.096229,0.009781,0.100892,0.035897,0.017133
-1,3277,0.089452,0.034575,0.07544,0.098026,0.07695,0.088807,0.007941,0.007476,0.145382,0.116079,0.000051,0.065252,0.087026,0.009896,0.097649
-1,3201,0.004511,0.085372,0.08623,0.007201,0.091289,0.084752,0.111232,0.106525,0.114353,0.000897,0.020754,0.090867,0.02105,0.058393,0.116574
-1,3079,0.045941,0.01292,0.086357,0.123831,0.077701,0.080749,0.05054,0.148502,0.101558,0.032021,0.064907,0.047055,0.011314,0.075373,0.041231
-1,3261,0.017817,0.066908,0.067213,0.024337,0.137258,0.053564,0.065982,0.038366,0.094917,0.123986,0.023539,0.024382,0.026101,0.158653,0.076977
-1,3396,0.121539,0.057203,0.112504,0.081875,0.020082,0.008879,0.066312,0.044513,0.093783,0.030144,0.0194,0.068588,0.139289,0.07675,0.059139
-1,3021,0.114737,0.025703,0.101929,0.104321,0.027089,0.062934,0.098187,0.113411,0.018391,0.09212,0.016962,0.091464,0.01886,0.103489,0.010402
-1,3015,0.086659,0.001216,0.095039,0.089092,0.086507,0.055051,0.100064,0.076464,0.120596,0.067817,0.075628,0.035926,0.001162,0.0945,0.014279
-1,3207,0.099285,0.024575,0.035586,0.019908,0.063699,0.003223,0.000765,0.128414,0.077819,0.101427,0.033129,0.110986,0.125366,0.113104,0.062715
-1,3268,0.126929,0.115802,0.015084,0.0594,0.011415,0.116649,0.088885,0.10956,0.01662,0.020861,0.039701,0.127656,0.029374,0.010619,0.111445
-1,3217,0.007412,0.108591,0.127409,0.030416,0.029371,0.067243,0.068231,0.022825,0.002513,0.058196,0.116528,0.100126,0.066383,0.113988,0.080769
-1,2959,0.007973,0.057525,0.021143,0.103458,0.031067,0.043144,0.134305,0.120108,0.084972,0.118297,0.127988,0.077891,0.027111,0.014701,0.030317
-1,3101,0.084947,0.128832,0.063406,0.003078,0.080015,0.063131,0.029954,0.043704,0.078928,0.100755,0.000251,0.010041,0.087571,0.156734,0.068655
-1,3278,0.005498,0.06057,0.124368,0.023392,0.062965,0.021902,0.054475,0.092156,0.137912,0.116291,0.01034,0.122716,0.036074,0.093373,0.037967
-1,3131,0.08666,0.141208,0.007739,0.007565,0.05948,0.085549,0.011862,0.12772,0.034384,0.036267,0.019951,0.148386,0.119918,0.01905,0.094261
-1,3145,0.045111,0.018518,0.088921,0.024536,0.096572,0.008588,0.04744,0.042541,0.130024,0.115713,0.082345,0.086007,0.103193,0.072073,0.038418
-1,3295,0.131805,0.023993,0.021369,0.005365,0.04751,0.03798,0.16692,0.020763,0.109716,0.12398,0.056464,0.01162,0.053678,0.1217,0.067137
-1,3000,0.077161,0.014887,0.037867,0.100486,0.065393,0.138882,0.063257,0.051899,0.034169,0.10877,0.002742,0.079886,0.130946,0.011616,0.082039
-1,3390,0.040311,0.065599,0.006797,0.041205,0.123388,0.050525,0.087851,0.127417,0.005535,0.091055,0.087695,0.046649,0.109248,0.098401,0.018323
-1,3421,0.071605,0.076576,0.025508,0.041039,0.001465,0.002301,0.109531,0.051632,0.110488,0.110874,0.102933,0.069908,0.076769,0.02076,0.128612
-1,3433,0.015171,0.078917,0.014107,0.100784,0.045676,0.048117,0.06536,0.107631,0.005438,0.027813,0.094862,0.10899,0.108513,0.078268,0.100355
-1,3117,0.093612,0.022394,0.030767,0.123274,0.016915,0.062472,0.025108,0.086396,0.024946,0.115027,0.122394,0.049818,0.083654,0.011219,0.132005
-1,3257,0.109987,0.019194,0.106116,0.10866,0.010326,0.013446,0.041418,0.004806,0.027773,0.126332,0.143277,0.113901,0.07973,0.035305,0.059727
-1,2970,0.137248,0.08942,0.042788,0.072097,0.045137,0.068823,0.023335,0.013292,0.115321,0.002978,0.056514,0.099453,0.041506,0.106839,0.085249
-1,2966,0.100291,0.003723,0.107165,0.06793,0.071415,0.025657,0.005459,0.028067,0.08035,0.083573,0.101321,0.09458,0.021021,0.09884,0.110609
-1,3135,0.035309,0.002351,0.054181,0.117167,0.109378,0.025741,0.056845,0.018909,0.111665,0.055242,0.048107,0.084594,0.140855,0.100202,0.039454
-1,2953,0.059888,0.027153,0.122102,0.098611,0.060432,0.07948,0.08584,0.004935,0.01738,0.098374,0.122699,0.094991,0.010027,0.012048,0.106039
-1,3247,0.108452,0.057976,0.074336,0.012269,0.020287,0.143144,0.030515,0.065014,0.008714,0.088885,0.042441,0.005802,0.153515,0.14141,0.047241
-1,3321,0.076941,0.044304,0.021589,0.004722,0.05176,0.077558,0.116828,0.137161,0.065973,0.060193,0.05526,0.000206,0.032922,0.12024,0.134343
-1,3170,0.085985,0.00111,0.016207,0.088855,0.067863,0.137248,0.11936,0.115556,0.085792,0.061803,0.050392,0.111956,0.053003,0.003443,0.001427
-1,3397,0.092898,0.030315,0.002305,0.0706,0.108377,0.037381,0.063131,0.139451,0.035408,0.037044,0.082468,0.112202,0.170298,0.00698,0.011141
-1,3219,0.047758,0.060889,0.125322,0.083255,0.052173,0.039719,0.020419,0.048686,0.122687,0.071771,0.024712,0.125105,0.003237,0.111405,0.062863
-1,3336,0.108751,0.059083,0.096757,0.013527,0.010633,0.01309,0.028796,0.094193,0.121811,0.069197,0.075933,0.091842,0.005511,0.115989,0.094886
-1,2853,0.014821,0.049386,0.133027,0.040689,0.114488,0.07413,0.011676,0.116188,0.078129,0.118664,0.063438,0.032278,0.00708,0.141133,0.004874
-1,3437,0.028726,0.099656,0.08033,0.126466,0.017546,0.02256,0.066124,0.00755,0.070112,0.108367,0.04016,0.062967,0.14049,0.109627,0.019318
-1,3094,0.072725,0.047705,0.112856,0.153088,0.073215,0.046191,0.054946,0.038316,0.046767,0.013601,0.056437,0.017317,0.071207,0.134468,0.061161
-1,3420,0.107597,0.033605,0.112923,0.01767,0.083138,0.066848,0.126126,0.104805,0.062482,0.094032,0.034944,0.003686,0.026976,0.013838,0.111329
-1,3383,0.153438,0.046692,0.077967,0.007268,0.084325,0.091215,0.056231,0.037258,0.012921,0.078894,0.142806,0.037157,0.125821,0.025239,0.022768
-1,3162,0.049564,0.060392,0.076112,0.103961,0.010291,0.096587,0.006913,0.116378,0.072249,0.012743,0.085104,0.113497,0.002114,0.117479,0.076615
-1,3008,0.003873,0.1591,0.151975,0.029428,0.068968,0.059114,0.06963,0.032537,0.064801,0.041802,0.022854,0.22278,0.022666,0.043136,0.007336
-1,3270,0.044919,0.021134,0.041788,0.087796,0.051975,0.026815,0.008674,0.101234,0.039867,0.085577,0.161459,0.042627,0.025178,0.176566,0.084393
-1,3070,0.003948,0.020616,0.099834,0.113416,0.129819,0.085482,0.097366,0.027477,0.053747,0.024075,0.1152,0.018254,0.035992,0.123627,0.051148
-1,3449,0.059141,0.017267,0.12595,0.0477,0.013977,0.126124,0.087209,0.054475,0.00286,0.165212,0.057349,0.067946,0.089671,0.02465,0.060469
-1,3463,0.064394,0.036337,0.15871,0.07962,0.072959,0.065082,0.026429,0.1603,0.027701,0.039938,0.064662,0.018183,0.118728,0.047187,0.01977
-1,3335,0.119152,0.085681,0.122473,0.101076,0.015146,0.134174,0.003594,0.008482,0.136765,0.02859,0.060224,0.039997,0.079017,0.012786,0.052842
-1,3046,0.011155,0.009796,0.109472,0.076714,0.032412,0.051222,0.117283,0.034685,0.046047,0.026608,0.117822,0.121597,0.049994,0.090677,0.104516
-1,2964,0.107273,0.076941,0.016153,0.007071,0.079914,0.037995,0.097311,0.101134,0.124343,0.019255,0.101111,0.037469,0.063431,0.09117,0.039427
-1,3320,0.027594,0.121536,0.01495,0.078683,0.05358,0.056484,0.079514,0.07985,0.120166,0.006294,0.134568,0.10264,0.093216,0.010261,0.020663
-1,2918,0.114042,0.078323,0.064247,0.031421,0.101478,0.034241,0.102047,0.092962,0.008684,0.091588,0.056701,0.035604,0.004329,0.06664,0.117693
-1,3030,0.064528,0.059221,0.066265,0.085853,0.008585,0.086717,0.101062,0.031025,0.109214,0.005202,0.14074,0.090064,0.124216,0.008318,0.01899
-1,3407,0.10732,0.020515,0.135233,0.002848,0.016759,0.127949,0.119689,0.120089,0.05232,0.072392,0.080316,0.101761,0.024732,0.011157,0.00692
-1,3230,0.089533,0.034312,0.112223,0.09014,0.101111,0.144038,0.103276,0.096215,0.048094,0.013066,0.0561,0.064925,0.021412,0.004484,0.02107
-1,3073,0.165217,0.001723,0.139288,0.067707,0.031615,0.130006,0.015961,0.016712,0.007822,0.013357,0.074086,0.02114,0.127952,0.116391,0.071024
-1,3387,0.130816,0.0274,0.08007,0.017809,0.043464,0.024571,0.018427,0.115138,0.051232,0.154108,0.159253,0.000786,0.104967,0.054854,0.017106
-1,3041,0.096497,0.143425,0.094898,0.074929,0.036764,0.009672,0.089553,0.033498,0.126757,0.000867,0.023368,0.149534,0.020961,0.097082,0.002196
-1,3240,0.013185,0.047896,0.065568,0.094301,0.035393,0.043902,0.077547,0.001011,0.118386,0.082454,0.123563,0.024723,0.096462,0.064649,0.11096
-1,2901,0.103555,0.04321,0.144235,0.103098,0.005761,0.130764,0.046916,0.056106,0.058765,0.095739,0.018486,0.043651,0.026929,0.080744,0.042043
-1,3364,0.055631,0.012159,0.064967,0.107269,0.095045,0.049526,0.001036,0.109995,0.035242,0.133244,0.076116,0.123323,0.060683,0.033851,0.041915
-1,3248,0.061043,0.027513,0.008287,0.021101,0.025818,0.051919,0.085893,0.102886,0.02318,0.118132,0.126388,0.106972,0.149544,0.023118,0.068206
-1,2880,0.113364,0.026752,0.127723,0.042046,0.098135,0.049017,0.101035,0.084136,0.056231,0.002365,0.03329,0.063278,0.036248,0.128626,0.037753
-1,3164,0.072732,0.131031,0.024846,0.072666,0.093762,0.009497,0.032198,0.009968,0.106162,0.049665,0.078085,0.096931,0.125321,0.029604,0.067532
-1,3033,0.142841,0.07128,0.04414,0.117115,0.099053,0.039186,0.00235,0.07948,0.047796,0.112545,0.015171,0.040048,0.10397,0.035494,0.04953
-1,2870,0.123795,0.001943,0.101101,0.113723,0.029281,0.10872,0.149565,0.07142,0.045763,0.021303,0.050662,0.10197,0.017461,0.042984,0.02031
-1,3462,0.091105,0.002701,0.028806,0.01146,0.116347,0.080869,0.111955,0.060784,0.031781,0.045207,0.080923,0.08051,0.113874,0.09185,0.051827
-1,3063,0.017577,0.140246,0.122884,0.041355,0.123135,0.119383,0.012127,0.128953,0.006965,0.02447,0.001931,0.087246,0.032437,0.088485,0.052806
-1,3442,0.049905,0.167233,0.144153,0.021078,0.008815,0.151465,0.027226,0.050273,0.009994,0.025637,0.021591,0.129022,0.036459,0.141433,0.015715
-1,3141,0.023908,0.104221,0.000844,0.092106,0.018508,0.065972,0.0452,0.133461,0.02725,0.025316,0.078737,0.073393,0.071561,0.094486,0.145038
-1,2893,0.102912,0.117076,0.080562,0.001146,0.009995,0.041985,0.093137,0.120596,0.06709,0.078982,0.107039,0.017745,0.086409,0.075114,0.000212
-1,3192,0.084867,0.120839,0.003923,0.012069,0.068235,0.074448,0.031143,0.06787,0.109258,0.140708,0.038554,0.012798,0.085322,0.054809,0.095157
-1,3112,0.088106,0.09248,0.136581,0.067245,0.118023,0.047996,0.075576,0.044582,0.046089,0.061535,0.068311,0.009816,0.125843,0.003142,0.014675
-1,3225,0.039774,0.006297,0.01659,0.00126,0.132082,0.036048,0.120073,0.098544,0.082025,0.132939,0.087632,0.066802,0.136557,0.042413,0.000963
-1,3291,0.135106,0.032132,0.058384,0.016483,0.092294,0.067635,0.053465,0.03055,0.021335,0.064293,0.096074,0.05472,0.042503,0.098751,0.136273
-1,2980,0.003913,0.065665,0.101012,0.100933,0.076636,0.011817,0.122351,0.032868,0.111288,0.002813,0.058015,0.136825,0.013594,0.117596,0.044674
-1,2874,0.129054,0.078954,0.062271,0.00195,0.064984,0.091203,0.087388,0.119361,0.145625,0.041041,0.037814,0.000943,0.015179,0.101935,0.022298
-1,3253,0.047744,0.084855,0.128454,0.028211,0.104893,0.004051,0.111914,0.049884,0.079324,0.104656,0.062805,0.032486,0.099855,0.044398,0.01647
-1,3459,0.075995,0.027222,0.011216,0.100905,0.016714,0.048883,0.124859,0.097172,0.083563,0.032505,0.015855,0.137446,0.019446,0.125441,0.082779
-1,3045,0.130204,0.044734,0.164886,0.074681,0.032402,0.070396,0.039453,0.069457,0.101934,0.048083,0.027582,0.050693,0.0188,0.061937,0.064759
-1,3108,0.103564,0.024887,0.019014,0.032118,0.084206,0.10186,0.022867,0.128034,0.077757,0.062143,0.07639,0.117831,0.082884,0.060282,0.006161
-1,3287,0.111836,0.009051,0.022224,0.023318,0.09274,0.004009,0.097686,0.092147,0.036845,0.070694,0.15238,0.128706,0.019756,0.026663,0.111943
-1,3342,0.106989,0.089692,0.069858,0.028863,0.075698,0.147455,0.001409,0.061299,0.058984,0.001049,0.118002,0.048918,0.031809,0.121348,0.038627
-1,2955,0.059851,0.120976,0.034549,0.016303,0.084784,0.131304,0.123568,0.028899,0.074505,0.11421,0.031179,0.019336,0.094056,0.00582,0.060659
-1,3003,0.126724,0.025328,0.027019,0.058197,0.109535,0.061425,0.101852,0.152792,0.010792,0.050659,0.090534,0.022642,0.002809,0.041871,0.11782
-1,2855,0.11728,0.005186,0.012268,0.097944,0.011577,0.095556,0.013489,0.096483,0.016562,0.123022,0.08441,0.071665,0.107226,0.101171,0.046159
-1,2996,0.131765,0.023055,0.105136,0.036022,0.030524,0.053488,0.107921,0.061926,0.096369,0.066248,0.025992,0.057674,0.085557,0.111498,0.006824
-1,3180,0.012739,0.120722,0.058676,0.128678,0.030475,0.017322,0.019172,0.110657,0.007834,0.091265,0.13355,0.07682,0.000003,0.070589,0.121497
-1,2929,0.094237,0.095458,0.05964,0.09176,0.063729,0.011663,0.109421,0.055012,0.022695,0.131447,0.07411,0.001495,0.107812,0.008886,0.072636
-1,2911,0.021306,0.046269,0.111451,0.082465,0.12708,0.08764,0.159219,0.004568,0.033987,0.003102,0.069981,0.044228,0.143046,0.02072,0.04494
-1,3434,0.032913,0.129128,0.176325,0.04277,0.000035,0.019908,0.000944,0.129297,0.059898,0.126707,0.060802,0.039485,0.017919,0.040841,0.123026
-1,2860,0.029066,0.073178,0.075034,0.051275,0.134519,0.079933,0.067665,0.122941,0.001262,0.076224,0.114203,0.037623,0.081177,0.039968,0.015932
-1,2984,0.079562,0.001714,0.066784,0.011808,0.058706,0.153157,0.041727,0.037401,0.058614,0.060961,0.052345,0.059889,0.129098,0.053215,0.13502
-1,3058,0.109537,0.014714,0.031528,0.015589,0.047385,0.044068,0.012706,0.09267,0.057971,0.08382,0.10911,0.068517,0.103937,0.094326,0.114123
-1,3103,0.130738,0.025817,0.032261,0.009475,0.111801,0.040831,0.091847,0.012654,0.000863,0.124184,0.001616,0.0844,0.097495,0.092541,0.143478
-1,3405,0.113033,0.021993,0.089329,0.025539,0.119436,0.009528,0.094117,0.032091,0.057935,0.030603,0.001819,0.067892,0.130937,0.067954,0.137792
-1,3259,0.06553,0.119241,0.086287,0.120321,0.011116,0.086693,0.028717,0.129451,0.063776,0.011458,0.004309,0.148122,0.015507,0.069517,0.039954
-1,3043,0.098587,0.108675,0.100809,0.104748,0.062992,0.077042,0.024813,0.051351,0.068357,0.013164,0.123776,0.022027,0.010987,0.016284,0.116389
-1,2950,0.01179,0.070919,0.060518,0.010041,0.103126,0.141811,0.036589,0.034591,0.078636,0.052005,0.113175,0.106751,0.049721,0.11833,0.011998
-1,3091,0.114493,0.11405,0.070738,0.028062,0.13666,0.08696,0.116392,0.080004,0.090567,0.045683,0.012696,0.021302,0.017707,0.024009,0.040677
-1,3467,0.036384,0.047633,0.111037,0.015477,0.115599,0.100759,0.101652,0.137645,0.022768,0.053228,0.077266,0.041814,0.061689,0.076424,0.000624
-1,3163,0.102462,0.062495,0.103645,0.054,0.05894,0.058228,0.025902,0.034108,0.13377,0.070934,0.027962,0.022883,0.012315,0.105848,0.126507
-1,2895,0.026149,0.003199,0.036478,0.040592,0.060965,0.042206,0.094233,0.129556,0.065216,0.011027,0.044106,0.13319,0.096706,0.121844,0.094534
-1,3354,0.014367,0.126203,0.070881,0.087556,0.031421,0.10113,0.120858,0.140582,0.00928,0.051259,0.021331,0.056444,0.06997,0.011,0.087718
-1,3147,0.013273,0.039444,0.051729,0.098131,0.108245,0.00102,0.088406,0.117636,0.017615,0.02766,0.091916,0.08542,0.041578,0.097581,0.120347
-1,3309,0.051158,0.014991,0.01042,0.074945,0.117287,0.039023,0.129439,0.035896,0.106771,0.037345,0.065439,0.087519,0.114395,0.105032,0.010341
-1,3218,0.052072,0.119882,0.058409,0.116806,0.078306,0.117984,0.04215,0.021952,0.071222,0.139229,0.021156,0.017498,0.061467,0.071023,0.010845
-1,3128,0.011883,0.082922,0.02646,0.112858,0.077638,0.12357,0.058967,0.090711,0.046284,0.01361,0.016622,0.04479,0.086334,0.057672,0.149679
-1,3200,0.12982,0.076324,0.143389,0.103933,0.038357,0.0082,0.001559,0.072617,0.059589,0.053543,0.105843,0.092653,0.0719,0.000372,0.041901
-1,3055,0.078421,0.071542,0.088982,0.052809,0.063067,0.001085,0.112667,0.124685,0.000472,0.048476,0.059899,0.101467,0.088375,0.105832,0.002223
-1,2999,0.097582,0.085203,0.09253,0.096757,0.017231,0.058861,0.02654,0.015154,0.107475,0.068153,0.113423,0.030575,0.108995,0.076403,0.005118
-1,3345,0.004025,0.026068,0.017501,0.016833,0.091578,0.067373,0.12636,0.124691,0.049847,0.082273,0.122086,0.061774,0.00116,0.111293,0.097137
-1,3282,0.124493,0.077363,0.042672,0.067939,0.011247,0.076508,0.022218,0.0414,0.130514,0.120061,0.014305,0.092593,0.069307,0.094933,0.014446
-1,2941,0.079514,0.109193,0.11467,0.080618,0.005722,0.036495,0.074791,0.059065,0.065389,0.010802,0.12602,0.000709,0.072893,0.035571,0.128549
-1,2989,0.149792,0.019437,0.031587,0.072169,0.044321,0.01104,0.065107,0.073558,0.02284,0.115612,0.140432,0.039469,0.110186,0.029019,0.075432
-1,3182,0.010798,0.148151,0.118278,0.069442,0.059303,0.071605,0.03109,0.029085,0.133804,0.04317,0.020985,0.016211,0.069527,0.122704,0.055846
-1,3001,0.029116,0.010589,0.104461,0.13234,0.087072,0.117534,0.026987,0.129017,0.13674,0.022448,0.024128,0.019337,0.075187,0.075448,0.009595
-1,3002,0.00543,0.104716,0.040395,0.003017,0.053601,0.115951,0.060362,0.028386,0.020406,0.100845,0.130638,0.098644,0.086105,0.052058,0.099447
-1,3229,0.161996,0.038501,0.086572,0.015145,0.032577,0.154598,0.08849,0.016442,0.072672,0.045146,0.099055,0.045566,0.022559,0.105016,0.015666
-1,3173,0.028846,0.121002,0.121721,0.056863,0.08792,0.024264,0.065081,0.060801,0.022875,0.002153,0.098503,0.0873,0.086182,0.124886,0.011603
-1,3027,0.011369,0.018657,0.070157,0.044909,0.06735,0.006856,0.034304,0.11466,0.064821,0.014325,0.122942,0.0887,0.137476,0.16105,0.042424
-1,3273,0.001144,0.032222,0.068902,0.028391,0.095063,0.035985,0.088628,0.142851,0.102683,0.027673,0.144081,0.08237,0.045101,0.009265,0.095642
-1,3069,0.049502,0.094173,0.010204,0.100078,0.007123,0.034642,0.089726,0.01875,0.100527,0.09025,0.098737,0.033128,0.133686,0.009108,0.130366
-1,2861,0.114827,0.115177,0.04162,0.026212,0.12779,0.033556,0.096503,0.079496,0.024216,0.03854,0.133394,0.00711,0.070133,0.046932,0.044496
-1,2949,0.114384,0.088011,0.134012,0.009083,0.125152,0.106395,0.06708,0.025358,0.008289,0.016038,0.083493,0.074487,0.030284,0.023529,0.094405
-1,2945,0.018008,0.097668,0.007522,0.061595,0.070406,0.04135,0.061255,0.012192,0.045443,0.046108,0.109663,0.115527,0.134556,0.045823,0.132887
-1,3317,0.077613,0.002206,0.06125,0.130412,0.03136,0.125598,0.001851,0.048136,0.005619,0.095275,0.072377,0.123869,0.127281,0.056915,0.040239
-1,3029,0.112793,0.06411,0.033591,0.056344,0.049399,0.040164,0.120385,0.117796,0.079775,0.030997,0.002846,0.062906,0.004562,0.104912,0.119419
-1,3338,0.084987,0.08924,0.08521,0.136151,0.026302,0.001013,0.133525,0.097249,0.024185,0.038185,0.116255,0.01383,0.023437,0.096758,0.033674
-1,3417,0.034513,0.075295,0.070764,0.035442,0.125617,0.112478,0.049458,0.00555,0.008477,0.034398,0.115571,0.073846,0.081019,0.123724,0.05385
-1,3138,0.046961,0.005606,0.018904,0.09598,0.120269,0.089467,0.029843,0.095099,0.122316,0.105,0.062732,0.08341,0.059052,0.048673,0.016686
-1,3206,0.023143,0.115997,0.028927,0.071298,0.060315,0.031547,0.035771,0.135495,0.095822,0.091655,0.129011,0.014607,0.054726,0.009881,0.101805
-1,3132,0.131038,0.113139,0.088958,0.077088,0.115485,0.120496,0.041131,0.013537,0.054892,0.03508,0.057492,0.004754,0.028734,0.021465,0.09671
-1,3445,0.115802,0.049905,0.13195,0.028016,0.019679,0.043371,0.090028,0.093301,0.014892,0.001274,0.191937,0.015732,0.016761,0.158598,0.028755
-1,3254,0.025778,0.000192,0.055869,0.06168,0.067362,0.016898,0.038689,0.10903,0.072135,0.103352,0.038229,0.048593,0.113322,0.127106,0.121765
-1,3095,0.082298,0.075423,0.034119,0.06463,0.032047,0.002847,0.089226,0.009896,0.075362,0.062447,0.071755,0.085041,0.034549,0.137549,0.142811
-1,3412,0.11149,0.031209,0.123827,0.103577,0.003991,0.120736,0.065066,0.004739,0.094715,0.059745,0.02893,0.102243,0.013252,0.022604,0.113874
-1,3285,0.121802,0.099845,0.042711,0.130068,0.123497,0.053348,0.023053,0.021023,0.057377,0.066374,0.061783,0.091968,0.026001,0.064478,0.016673
-1,2977,0.043606,0.141867,0.047915,0.091636,0.001342,0.133024,0.042855,0.004884,0.038147,0.025806,0.081875,0.009074,0.120452,0.072601,0.144916
-1,3361,0.015027,0.078052,0.02489,0.012923,0.112174,0.078324,0.073846,0.123733,0.101352,0.052625,0.044219,0.148977,0.100114,0.00886,0.024884
-1,2928,0.045281,0.077739,0.002816,0.143106,0.002541,0.023376,0.041448,0.029615,0.123352,0.064793,0.129444,0.034161,0.095499,0.062448,0.124383
-1,3148,0.065299,0.135305,0.049459,0.062106,0.048169,0.114521,0.088497,0.124903,0.008283,0.010285,0.103324,0.086137,0.008136,0.080363,0.015214
-1,3255,0.149514,0.006066,0.095067,0.133253,0.018751,0.036717,0.1086,0.077575,0.000148,0.121961,0.03347,0.006847,0.011844,0.07547,0.124719
-1,3296,0.047357,0.003512,0.00443,0.039415,0.127923,0.069314,0.101875,0.069086,0.056067,0.1181,0.078858,0.055491,0.045934,0.063605,0.119032
-1,3402,0.156623,0.13429,0.004189,0.003879,0.055135,0.033504,0.094735,0.013093,0.076137,0.055146,0.046233,0.013229,0.026216,0.118416,0.169174
-1,3297,0.002121,0.032631,0.107997,0.083023,0.136229,0.124047,0.117611,0.001074,0.005234,0.006899,0.08051,0.09825,0.024574,0.093781,0.086018
-1,3381,0.140007,0.140806,0.112615,0.006116,0.034952,0.015445,0.066017,0.059553,0.005674,0.005653,0.001635,0.079882,0.037371,0.188806,0.105469
-1,3068,0.022966,0.087532,0.058694,0.018653,0.079631,0.007008,0.126445,0.026448,0.073447,0.071233,0.040409,0.091677,0.112763,0.063879,0.119214
-1,3102,0.059394,0.015303,0.042688,0.007507,0.035515,0.029252,0.066913,0.106136,0.087916,0.077516,0.063841,0.088087,0.060609,0.127369,0.131953
-1,2990,0.007672,0.131556,0.06281,0.079406,0.115526,0.112711,0.02059,0.1628,0.152985,0.062567,0.000509,0.064828,0.011833,0.003887,0.010319
-1,2968,0.10446,0.056358,0.077566,0.033534,0.020556,0.086072,0.064881,0.010164,0.109499,0.13406,0.035775,0.114059,0.120827,0.013832,0.018357
-1,3054,0.094888,0.033055,0.000136,0.009723,0.10846,0.049687,0.061398,0.094743,0.086429,0.119586,0.100196,0.010241,0.059299,0.088614,0.083545
-1,3119,0.110831,0.1258,0.049118,0.072354,0.100721,0.024435,0.011739,0.101002,0.056229,0.089017,0.051678,0.007871,0.034892,0.048362,0.115951
-1,3012,0.081871,0.093818,0.088705,0.020054,0.127459,0.107729,0.100682,0.030111,0.09533,0.013043,0.081495,0.093949,0.053107,0.010142,0.002505
-1,2876,0.061074,0.070356,0.072072,0.006285,0.093392,0.114646,0.086983,0.118396,0.11898,0.09947,0.004873,0.02772,0.034407,0.005748,0.085598
-1,3140,0.048368,0.020816,0.11284,0.027638,0.121017,0.033217,0.018585,0.120842,0.116785,0.142892,0.049043,0.013789,0.046274,0.006525,0.121369
-1,3292,0.00353,0.035468,0.04443,0.113148,0.104613,0.07166,0.032767,0.10817,0.118315,0.101599,0.061222,0.051432,0.013533,0.126611,0.013502
-1,3243,0.031728,0.051308,0.039163,0.086125,0.09504,0.001696,0.034611,0.03422,0.002688,0.112626,0.094919,0.072144,0.114767,0.121907,0.107058
-1,3114,0.039558,0.104884,0.048331,0.128499,0.054949,0.012696,0.001747,0.00506,0.110735,0.143187,0.021201,0.096031,0.061086,0.062011,0.110025
-1,3337,0.135343,0.067637,0.029893,0.03545,0.008802,0.186457,0.052256,0.128515,0.076132,0.072585,0.014315,0.028628,0.101863,0.037113,0.025011
-1,2938,0.004145,0.094491,0.067602,0.083724,0.109932,0.019461,0.124469,0.013096,0.058526,0.004683,0.106972,0.057498,0.002623,0.128904,0.123873
-1,3313,0.080734,0.152318,0.046744,0.142675,0.014388,0.02455,0.048053,0.08296,0.10483,0.046448,0.045998,0.094707,0.088333,0.017547,0.009715
-1,3269,0.032801,0.070138,0.159364,0.03154,0.122922,0.099501,0.132997,0.021909,0.092804,0.009797,0.051691,0.05262,0.038342,0.041539,0.042037
-1,3086,0.055776,0.037798,0.111852,0.05481,0.084658,0.030383,0.001937,0.067816,0.088748,0.036415,0.019117,0.128918,0.127586,0.129879,0.024307
-1,3308,0.08023,0.039416,0.015399,0.00079,0.090412,0.101711,0.108872,0.008681,0.024652,0.105897,0.078555,0.070954,0.040818,0.103154,0.130459
-1,3447,0.119425,0.085419,0.034275,0.021231,0.019187,0.065054,0.135515,0.041865,0.054141,0.17219,0.055133,0.054901,0.01543,0.07508,0.051153
-1,3155,0.040659,0.118985,0.132282,0.01738,0.0772,0.066203,0.099811,0.009485,0.136396,0.042672,0.062503,0.002671,0.029844,0.069348,0.094561
-1,3222,0.012319,0.08451,0.073644,0.146634,0.129939,0.044104,0.065451,0.033653,0.145614,0.014476,0.10673,0.03262,0.033939,0.009921,0.066448
-1,3366,0.096808,0.048745,0.087292,0.00252,0.114332,0.086331,0.074603,0.058939,0.010745,0.004392,0.058445,0.097562,0.014083,0.109331,0.135875
-1,3016,0.025105,0.079777,0.003346,0.068337,0.100908,0.004453,0.061423,0.042202,0.102179,0.160834,0.131227,0.036271,0.014613,0.014924,0.1544
-1,3373,0.094882,0.010406,0.002007,0.102879,0.123629,0.086718,0.016171,0.112276,0.01657,0.149583,0.032426,0.097116,0.010736,0.117337,0.027265
-1,3272,0.082827,0.140426,0.002582,0.076543,0.056635,0.020605,0.000975,0.123208,0.135823,0.025734,0.133429,0.108913,0.057626,0.023865,0.010808
-1,3168,0.176465,0.055625,0.088587,0.058925,0.060106,0.026762,0.003263,0.022173,0.112915,0.00444,0.03785,0.09834,0.170854,0.054343,0.029351
-1,3408,0.021338,0.01341,0.103825,0.109555,0.11316,0.04055,0.053588,0.133194,0.068634,0.03592,0.019249,0.096507,0.112225,0.057547,0.021297
-1,3205,0.017056,0.042518,0.106992,0.085464,0.027159,0.127775,0.00771,0.085817,0.081266,0.13355,0.031134,0.078421,0.058059,0.092135,0.024943
-1,3060,0.100864,0.056272,0.036269,0.038509,0.023172,0.151719,0.056981,0.029849,0.043349,0.014166,0.027776,0.125819,0.013542,0.127012,0.1547
-1,2902,0.057488,0.113772,0.078122,0.022458,0.138598,0.047749,0.120727,0.042703,0.055898,0.125893,0.014998,0.042283,0.053453,0.075286,0.010574
-1,3187,0.119497,0.006983,0.076449,0.086512,0.117347,0.156495,0.078933,0.042081,0.056243,0.000462,0.079041,0.099847,0.058151,0.009711,0.012249
-1,2912,0.020123,0.011369,0.108148,0.128908,0.092513,0.062716,0.086079,0.00039,0.039793,0.024855,0.098959,0.057133,0.061506,0.091714,0.115797
0,3019,0.104033,0.062647,0.022942,0.044811,0.057733,0.017258,0.034667,0.073021,0.08807,0.088469,0.074041,0.049699,0.086612,0.082991,0.113006
0,3239,0.073036,0.052033,0.01808,0.085553,0.056918,0.108521,0.030693,0.09339,0.062329,0.099724,0.010174,0.007113,0.070264,0.089707,0.142466
-1,3198,0.032103,0.110292,0.040619,0.036572,0.073476,0.02062,0.149077,0.087503,0.006401,0.109188,0.086228,0.077992,0.111989,0.016087,0.041853
0,2868,0.03914,0.06544,0.016899,0.04844,0.006112,0.056127,0.081269,0.034558,0.069144,0.134813,0.124359,0.098202,0.085641,0.036638,0.103217
-1,2987,0.003853,0.059291,0.083872,0.047739,0.121215,0.118856,0.046087,0.075794,0.144979,0.071372,0.022678,0.138946,0.013386,0.017259,0.034671
0,3208,0.056544,0.030798,0.092285,0.089235,0.067211,0.023008,0.043134,0.08098,0.117248,0.058703,0.027088,0.100624,0.107856,0.023424,0.081861
-1,2976,0.045504,0.130642,0.048154,0.02909,0.053737,0.090551,0.064385,0.110771,0.012422,0.078278,0.032777,0.08449,0.091457,0.01183,0.115913
-1,2963,0.096402,0.099679,0.040046,0.087255,0.008547,0.005654,0.014777,0.032465,0.082871,0.048451,0.006037,0.113399,0.130303,0.100546,0.133569
0,3189,0.116732,0.033494,0.092193,0.123875,0.10335,0.029712,0.035812,0.098169,0.089272,0.035148,0.01157,0.094787,0.058589,0.024112,0.053184
0,3391,0.038654,0.091497,0.084065,0.040209,0.10557,0.06061,0.097997,0.054427,0.114822,0.042106,0.046815,0.036906,0.080198,0.085801,0.020323
0,2884,0.121323,0.053004,0.032082,0.055071,0.068852,0.132227,0.081882,0.084073,0.090756,0.006568,0.01921,0.103394,0.021537,0.08726,0.042761
0,3025,0.095435,0.034851,0.061042,0.019138,0.07371,0.061219,0.126809,0.12094,0.094096,0.059178,0.052354,0.028684,0.084555,0.003935,0.084056
0,2907,0.092093,0.081307,0.083457,0.094263,0.098275,0.063464,0.109514,0.067093,0.042586,0.015937,0.104214,0.037245,0.005519,0.05348,0.051554
-1,3466,0.068067,0.057627,0.042036,0.020478,0.068649,0.005157,0.114761,0.113249,0.109853,0.094189,0.120604,0.086648,0.00503,0.021151,0.072502
0,3228,0.090056,0.022155,0.076542,0.087392,0.07996,0.009226,0.114611,0.096258,0.103259,0.027354,0.088079,0.04685,0.026737,0.018468,0.113054
-1,3172,0.058897,0.121215,0.1239,0.07353,0.046543,0.040028,0.006801,0.025488,0.021891,0.096984,0.019676,0.097071,0.059805,0.072997,0.135175
-1,3274,0.093062,0.051286,0.126954,0.022957,0.043307,0.077034,0.110142,0.011439,0.13489,0.11753,0.085058,0.020429,0.017733,0.062055,0.026126
-1,3211,0.178808,0.074508,0.013054,0.108072,0.145491,0.005024,0.014347,0.137008,0.063256,0.002056,0.064376,0.013777,0.044213,0.132476,0.003535
-1,2927,0.143714,0.039162,0.020827,0.032775,0.11043,0.097906,0.035026,0.032143,0.111879,0.111221,0.052396,0.044916,0.064021,0.078273,0.025313
0,3088,0.060624,0.058263,0.087908,0.096557,0.105441,0.011487,0.11148,0.051025,0.051429,0.05302,0.088796,0.012857,0.079848,0.02553,0.105735
-1,3245,0.063029,0.057882,0.106602,0.006649,0.086416,0.088282,0.015726,0.067801,0.110432,0.078094,0.117666,0.013237,0.07905,0.10493,0.004203
-1,3044,0.063538,0.128892,0.005777,0.001002,0.018521,0.043631,0.083278,0.124142,0.043037,0.156634,0.032991,0.008022,0.08538,0.10883,0.096326
-1,3037,0.018782,0.068783,0.101225,0.054509,0.015524,0.094963,0.06634,0.033341,0.019223,0.043587,0.092705,0.011307,0.120597,0.143048,0.116067
0,3359,0.115556,0.07094,0.060223,0.015763,0.079184,0.054184,0.105958,0.054266,0.100507,0.124386,0.072909,0.03485,0.006035,0.017238,0.088001
0,3022,0.100272,0.079805,0.098331,0.043082,0.047263,0.05332,0.09863,0.003327,0.084072,0.085887,0.023673,0.05254,0.120404,0.048264,0.06113
0,3115,0.081843,0.090992,0.048192,0.053961,0.098828,0.048934,0.027463,0.015642,0.104253,0.062704,0.110381,0.060947,0.100194,0.005838,0.089829
0,3414,0.02908,0.056678,0.086507,0.038426,0.077927,0.079003,0.092804,0.056988,0.111432,0.02222,0.040683,0.11608,0.065121,0.100621,0.02643
0,3368,0.076631,0.065158,0.047352,0.056621,0.031078,0.028174,0.066633,0.090775,0.010419,0.012418,0.108348,0.083578,0.099269,0.114691,0.108857
0,2920,0.131874,0.025871,0.077856,0.081748,0.076358,0.03119,0.054915,0.083677,0.097926,0.080769,0.047466,0.082521,0.027067,0.053154,0.047607
-1,2991,0.03306,0.017432,0.078878,0.126286,0.097243,0.003771,0.068116,0.056511,0.092528,0.000021,0.015439,0.134531,0.114342,0.040651,0.121189
0,3275,0.024242,0.074915,0.11679,0.045388,0.101585,0.055965,0.091603,0.066288,0.084466,0.092724,0.03694,0.036364,0.039298,0.06922,0.064212
-1,2882,0.073726,0.008053,0.017501,0.032477,0.024503,0.14907,0.156253,0.028589,0.137633,0.015416,0.026907,0.147063,0.073725,0.004863,0.104222
0,3349,0.097511,0.105686,0.015507,0.067815,0.054225,0.061509,0.041126,0.097349,0.112952,0.015587,0.071078,0.019481,0.114073,0.101189,0.02491
0,3430,0.079483,0.060383,0.052763,0.029659,0.077093,0.044921,0.094047,0.09715,0.031858,0.095304,0.063531,0.06009,0.087826,0.078354,0.04754
0,3214,0.059906,0.123629,0.006215,0.066763,0.010356,0.125071,0.063411,0.099538,0.051799,0.066832,0.078318,0.018948,0.078919,0.060163,0.090133
0,2859,0.086122,0.101431,0.059731,0.078336,0.023572,0.038637,0.067303,0.064485,0.041388,0.104908,0.044634,0.100176,0.044978,0.086734,0.057566
0,3315,0.094744,0.035105,0.071831,0.07504,0.078169,0.10928,0.052904,0.060138,0.016701,0.06328,0.025624,0.041037,0.076362,0.086627,0.113156
-1,2871,0.090232,0.099804,0.036019,0.047485,0.031848,0.093262,0.092185,0.075757,0.114451,0.01171,0.092397,0.085718,0.109896,0.002724,0.016512
-1,2958,0.027392,0.142431,0.15025,0.014132,0.04736,0.119834,0.076713,0.003163,0.014908,0.043425,0.054896,0.076262,0.072897,0.041347,0.11499
-1,3333,0.135848,0.143132,0.033212,0.131843,0.000896,0.009907,0.041536,0.06801,0.039542,0.061329,0.034915,0.044688,0.069057,0.098262,0.087824
-1,2886,0.083286,0.077095,0.030889,0.078244,0.136069,0.068949,0.02688,0.030802,0.126894,0.04885,0.118682,0.046096,0.001835,0.00611,0.119318
-1,2866,0.056867,0.006996,0.118669,0.054975,0.054043,0.047295,0.060531,0.094216,0.116149,0.007675,0.118973,0.085521,0.015128,0.060949,0.102014
0,2906,0.017026,0.057732,0.018389,0.055929,0.073301,0.085304,0.084783,0.008982,0.081105,0.093327,0.043536,0.131107,0.076684,0.07846,0.094336
0,3121,0.106607,0.039218,0.043258,0.083544,0.117462,0.065806,0.032541,0.052695,0.084403,0.113211,0.002519,0.053966,0.068621,0.088129,0.04802
0,2951,0.084883,0.093355,0.068277,0.088335,0.075639,0.008376,0.06775,0.035485,0.023738,0.093429,0.040914,0.103936,0.100493,0.023705,0.091686
-1,2875,0.020734,0.123664,0.058844,0.002649,0.099508,0.038483,0.125419,0.034406,0.015768,0.074299,0.071099,0.046277,0.161074,0.100748,0.027028
0,3367,0.08044,0.012045,0.060984,0.057514,0.066057,0.073511,0.079276,0.08452,0.098272,0.074851,0.079544,0.068464,0.042331,0.094196,0.027997
-1,3237,0.091302,0.024187,0.087432,0.015104,0.105604,0.079921,0.047474,0.110912,0.028859,0.026788,0.097201,0.02361,0.107229,0.031167,0.123209
-1,2997,0.049927,0.025516,0.006127,0.139978,0.064752,0.109211,0.107719,0.046028,0.0853,0.090657,0.016055,0.074444,0.155059,0.009391,0.019836
-1,3092,0.030383,0.031603,0.012858,0.001208,0.038308,0.130344,0.046815,0.12346,0.030162,0.049036,0.106953,0.075652,0.065723,0.139229,0.118266
-1,3465,0.004735,0.036841,0.085924,0.052555,0.031532,0.03769,0.127426,0.084243,0.026618,0.095963,0.111295,0.146472,0.12221,0.032149,0.004347
0,3456,0.073017,0.085528,0.078787,0.091789,0.077195,0.020725,0.111485,0.076709,0.069973,0.026227,0.086108,0.056384,0.006312,0.066575,0.073186
-1,3241,0.033349,0.101041,0.008903,0.020045,0.002171,0.106462,0.058651,0.107198,0.049265,0.110701,0.081753,0.086425,0.102742,0.049259,0.082035
0,2910,0.06849,0.068582,0.037859,0.058852,0.019225,0.060682,0.081453,0.081811,0.128337,0.034627,0.083312,0.070498,0.007871,0.059268,0.139131
