@relation doc-subject

@attribute filename numeric
@attribute Subject0 numeric
@attribute Subject1 numeric
@attribute Subject2 numeric
@attribute Subject3 numeric
@attribute Subject4 numeric
@attribute Subject5 numeric
@attribute Subject6 numeric
@attribute Subject7 numeric
@attribute Subject8 numeric
@attribute Subject9 numeric
@attribute Subject10 numeric
@attribute Subject11 numeric
@attribute Subject12 numeric
@attribute Subject13 numeric
@attribute Subject14 numeric

@data
3323,0.009829,0.056515,0.071294,0.075502,0.108563,0.050961,0.121671,0.088178,0.045486,0.001693,0.012307,0.133389,0.047013,0.086679,0.090921
3233,0.067948,0.118959,0.13144,0.007631,0.059524,0.043258,0.07637,0.042843,0.064402,0.00906,0.036174,0.046087,0.081271,0.102825,0.112207
3529,0.048231,0.052351,0.078498,0.074034,0.001132,0.065504,0.072747,0.057488,0.078574,0.090971,0.086283,0.071771,0.080948,0.031019,0.110448
3234,0.076761,0.084493,0.054828,0.066635,0.021662,0.043152,0.13656,0.011375,0.118385,0.066951,0.096129,0.095064,0.020168,0.059257,0.048581
3499,0.015272,0.082917,0.022159,0.026735,0.077521,0.062036,0.066307,0.080164,0.06176,0.144443,0.020112,0.047021,0.0811,0.136356,0.076096
3285,0.104889,0.09355,0.102868,0.01002,0.006888,0.129601,0.169395,0.055102,0.058641,0.006784,0.111981,0.008225,0.07161,0.055028,0.015418
3510,0.067511,0.083423,0.046021,0.094278,0.081377,0.071801,0.045785,0.122605,0.035699,0.015178,0.116302,0.088103,0.03479,0.014832,0.082295
2922,0.081577,0.043006,0.075531,0.053532,0.03876,0.069597,0.004475,0.061923,0.091342,0.147214,0.006939,0.002366,0.115161,0.135162,0.073415
3501,0.040825,0.051952,0.006096,0.098124,0.131606,0.070167,0.083653,0.088461,0.003983,0.045792,0.034549,0.085747,0.030355,0.111824,0.116867
3077,0.028195,0.042109,0.065354,0.000507,0.1502,0.075324,0.007443,0.126731,0.127478,0.018873,0.075507,0.005507,0.087167,0.065046,0.12456
3303,0.116778,0.010289,0.093199,0.101534,0.083432,0.06312,0.001489,0.033641,0.090131,0.030775,0.097439,0.06976,0.09164,0.083908,0.032865
3218,0.096594,0.066658,0.026641,0.060907,0.044844,0.095534,0.042183,0.079719,0.060897,0.099797,0.062137,0.062705,0.096382,0.068497,0.036506
3549,0.099755,0.127688,0.117616,0.047435,0.055924,0.108752,0.051949,0.058582,0.048645,0.095042,0.034825,0.013211,0.01669,0.030421,0.093465
2979,0.034371,0.014812,0.117355,0.139741,0.06041,0.065208,0.075647,0.026533,0.052009,0.109677,0.000872,0.130205,0.000328,0.025563,0.147268
3041,0.102248,0.069886,0.027188,0.068255,0.020432,0.104871,0.067537,0.081672,0.067273,0.016823,0.105534,0.126663,0.026203,0.036761,0.078654
3247,0.041396,0.025526,0.005797,0.005675,0.078877,0.059761,0.039346,0.154874,0.011761,0.09058,0.102125,0.050968,0.024592,0.167371,0.141353
2903,0.01638,0.10205,0.036029,0.063961,0.07738,0.105407,0.079245,0.041319,0.107705,0.111459,0.048173,0.052235,0.011692,0.081367,0.065597
3228,0.069383,0.083217,0.026217,0.012633,0.084083,0.111003,0.013499,0.135955,0.087266,0.058169,0.15937,0.022452,0.028916,0.018379,0.08946
3179,0.044428,0.003792,0.111886,0.082151,0.054319,0.048481,0.069214,0.122077,0.103393,0.089342,0.056853,0.049493,0.004009,0.104586,0.055975
2954,0.026751,0.004141,0.163065,0.079441,0.130499,0.051184,0.003103,0.117959,0.07596,0.046071,0.11361,0.000628,0.027554,0.069138,0.090896
3238,0.081784,0.091228,0.104642,0.021514,0.063516,0.068696,0.047987,0.105507,0.113794,0.031583,0.091906,0.076316,0.004808,0.084432,0.012285
3358,0.128952,0.129597,0.068939,0.056833,0.026647,0.079728,0.036887,0.047017,0.061562,0.064374,0.02249,0.090185,0.03193,0.089311,0.065547
3324,0.121764,0.046497,0.017412,0.076226,0.065149,0.165574,0.007271,0.037597,0.044998,0.064151,0.10741,0.025904,0.088284,0.007279,0.124483
3096,0.09058,0.050894,0.017255,0.09151,0.024208,0.01706,0.101585,0.038605,0.08686,0.058216,0.120234,0.097067,0.10817,0.085906,0.01185
3415,0.070179,0.129065,0.011219,0.032993,0.027111,0.000632,0.047412,0.078949,0.046208,0.018639,0.140331,0.132695,0.118962,0.00297,0.142634
2966,0.108672,0.067624,0.125946,0.048401,0.045231,0.034823,0.010108,0.031242,0.08753,0.100044,0.05979,0.007638,0.109627,0.025695,0.137631
3067,0.012378,0.101691,0.086853,0.111863,0.109269,0.026768,0.056578,0.080097,0.112417,0.000691,0.116286,0.06522,0.040954,0.01008,0.068855
3276,0.102166,0.023329,0.004747,0.068471,0.043904,0.020653,0.071431,0.091165,0.135983,0.006883,0.11225,0.052099,0.136537,0.068465,0.061917
3200,0.112663,0.071653,0.003154,0.070449,0.082291,0.004662,0.029039,0.152332,0.078456,0.119671,0.000132,0.10848,0.01983,0.120616,0.026572
3315,0.112433,0.075567,0.076821,0.03144,0.026955,0.03755,0.034711,0.07441,0.049811,0.010742,0.101296,0.067352,0.116677,0.099973,0.084261
3351,0.02088,0.043164,0.040472,0.073193,0.101483,0.053557,0.119203,0.070847,0.070235,0.06975,0.074889,0.084945,0.055448,0.058712,0.063223
3357,0.00992,0.011968,0.096794,0.046546,0.117102,0.072156,0.025616,0.139421,0.084901,0.070793,0.10921,0.1022,0.005154,0.058143,0.050075
2943,0.076189,0.06732,0.106297,0.040512,0.121348,0.015586,0.020404,0.108052,0.094145,0.086157,0.113057,0.02612,0.096697,0.001867,0.026249
3485,0.078829,0.088883,0.125609,0.004414,0.015227,0.001843,0.135794,0.029717,0.081088,0.056223,0.146828,0.033451,0.009114,0.065372,0.127606
3438,0.089177,0.09072,0.067758,0.096191,0.065747,0.061846,0.058575,0.075361,0.081806,0.096381,0.079373,0.070418,0.000481,0.03121,0.034955
3258,0.018676,0.037092,0.058884,0.036774,0.118354,0.110841,0.052791,0.141532,0.108062,0.015098,0.090063,0.055373,0.040382,0.097248,0.01883
2975,0.056081,0.017248,0.12473,0.013638,0.05093,0.042236,0.067306,0.103253,0.020365,0.068031,0.019986,0.101618,0.080958,0.134637,0.098982
3070,0.085025,0.014418,0.010894,0.119906,0.088681,0.115518,0.090551,0.026006,0.033685,0.028577,0.089634,0.062278,0.050429,0.107142,0.077256
3270,0.04949,0.00546,0.006558,0.037442,0.038131,0.121746,0.10415,0.075914,0.094811,0.07921,0.091545,0.035612,0.013941,0.146803,0.099187
3272,0.10751,0.033143,0.11918,0.043691,0.011703,0.01579,0.100615,0.076082,0.105104,0.052972,0.010581,0.090778,0.0127,0.094567,0.125585
3470,0.119739,0.039778,0.007441,0.101985,0.040406,0.034287,0.028465,0.091284,0.101709,0.003522,0.114384,0.047314,0.091336,0.109832,0.068517
3170,0.001167,0.067109,0.063416,0.053451,0.118304,0.07172,0.082711,0.106237,0.109246,0.077111,0.039251,0.037535,0.009894,0.04811,0.114736
3279,0.079721,0.041727,0.022146,0.051175,0.080692,0.096787,0.059184,0.050053,0.050646,0.119072,0.114622,0.120164,0.046868,0.028046,0.039098
3473,0.03479,0.1231,0.059987,0.014791,0.012181,0.091461,0.016136,0.057071,0.071146,0.087601,0.116987,0.016722,0.110393,0.089427,0.098209
3436,0.113061,0.054695,0.119144,0.031265,0.13152,0.149466,0.060864,0.01204,0.013469,0.131459,0.005904,0.098529,0.010368,0.010502,0.057713
3203,0.104857,0.084709,0.101587,0.034021,0.080855,0.117592,0.001101,0.028327,0.010121,0.054674,0.036259,0.120148,0.06753,0.055592,0.102627
3256,0.044466,0.135503,0.059892,0.054375,0.123925,0.071893,0.003912,0.116597,0.004519,0.125776,0.019863,0.033304,0.058013,0.097126,0.050836
3025,0.107475,0.070738,0.015717,0.058491,0.021722,0.030851,0.066541,0.086161,0.031318,0.094604,0.105788,0.055868,0.076595,0.120392,0.057739
3102,0.107802,0.109354,0.091567,0.07981,0.03465,0.087322,0.055356,0.031683,0.093987,0.038471,0.009108,0.045522,0.037756,0.115862,0.061751
3360,0.093432,0.022565,0.008108,0.091248,0.103619,0.069139,0.069966,0.080638,0.036896,0.08525,0.088464,0.081942,0.074681,0.018446,0.075607
2952,0.025699,0.120184,0.10733,0.105754,0.023668,0.048694,0.053927,0.123613,0.118244,0.042529,0.043855,0.010545,0.031187,0.083414,0.061357
3197,0.068321,0.106264,0.112975,0.01727,0.02683,0.034971,0.123565,0.052317,0.095585,0.026108,0.068662,0.062501,0.03881,0.057973,0.107847
3059,0.083925,0.097293,0.048866,0.057266,0.11766,0.026348,0.091447,0.11678,0.098436,0.038999,0.03265,0.095651,0.009494,0.070902,0.01428
3167,0.024206,0.043393,0.071032,0.042845,0.050006,0.102125,0.109125,0.072263,0.097955,0.000836,0.033524,0.080231,0.10091,0.11531,0.056238
2925,0.057896,0.005663,0.087648,0.070979,0.075207,0.02558,0.138438,0.081493,0.03256,0.048062,0.027095,0.086246,0.095737,0.028415,0.138981
2874,0.125572,0.046955,0.001709,0.150586,0.046645,0.022131,0.045181,0.010556,0.031241,0.067073,0.127827,0.062864,0.084259,0.013612,0.163789
2950,0.003811,0.07468,0.028128,0.059709,0.070228,0.05188,0.082111,0.088,0.094463,0.071363,0.075353,0.07545,0.094846,0.101185,0.028792
3106,0.061581,0.078639,0.089658,0.071405,0.015352,0.104931,0.045569,0.023721,0.072645,0.051814,0.082753,0.064613,0.09134,0.076697,0.069284
2948,0.08961,0.010806,0.020893,0.057085,0.042916,0.066901,0.131083,0.035185,0.073866,0.096028,0.127658,0.078866,0.070511,0.042689,0.055903
3199,0.028644,0.096052,0.019486,0.062858,0.043423,0.009463,0.095113,0.066981,0.064227,0.128547,0.051631,0.103894,0.056317,0.063196,0.110167
3306,0.081215,0.004296,0.021143,0.032013,0.085354,0.033482,0.090956,0.045454,0.093368,0.082424,0.093806,0.056638,0.074404,0.099737,0.10571
3367,0.1227,0.079148,0.113419,0.061596,0.153033,0.028066,0.090996,0.068069,0.021852,0.011682,0.009053,0.050293,0.100319,0.084076,0.005697
3216,0.02239,0.021447,0.10391,0.054911,0.043454,0.001692,0.113579,0.035902,0.028398,0.077575,0.11399,0.105134,0.093555,0.127131,0.056931
3488,0.040447,0.124525,0.004452,0.003203,0.059314,0.050099,0.022228,0.129771,0.126153,0.142612,0.031383,0.112038,0.064046,0.008279,0.08145
3180,0.114078,0.025576,0.065474,0.031873,0.064883,0.043883,0.081271,0.016956,0.099434,0.095752,0.063819,0.002628,0.085774,0.097919,0.11068
3030,0.038198,0.03104,0.056093,0.008831,0.125842,0.025035,0.011351,0.059996,0.120684,0.029935,0.089329,0.115693,0.134436,0.077705,0.075833
2977,0.092218,0.010923,0.045455,0.002891,0.096058,0.106166,0.096092,0.092129,0.042708,0.052661,0.115299,0.034327,0.087854,0.022462,0.102756
3527,0.088792,0.049637,0.131575,0.099911,0.052056,0.041505,0.047861,0.130087,0.07053,0.040251,0.057128,0.096131,0.02393,0.048881,0.021724
3103,0.018217,0.118344,0.084687,0.035975,0.118443,0.03641,0.109576,0.043067,0.102834,0.021144,0.070976,0.054375,0.038151,0.105006,0.042796
3237,0.092716,0.000434,0.113212,0.103814,0.066583,0.028523,0.084942,0.081945,0.050061,0.098777,0.014789,0.022597,0.040904,0.092262,0.10844
2945,0.022112,0.008334,0.081369,0.098215,0.124737,0.034641,0.083411,0.060104,0.056853,0.021749,0.071981,0.099968,0.056369,0.116831,0.063324
2937,0.088151,0.010695,0.013557,0.168063,0.002595,0.080358,0.116228,0.04209,0.13624,0.101035,0.046473,0.0036,0.120327,0.049208,0.021381
3236,0.052282,0.001167,0.093184,0.033085,0.092375,0.02013,0.099975,0.005994,0.104538,0.068925,0.110571,0.034625,0.114202,0.103331,0.065616
3407,0.043202,0.082689,0.069045,0.040729,0.085867,0.082497,0.101408,0.10098,0.104413,0.069306,0.058063,0.02497,0.04642,0.013007,0.077404
3044,0.122078,0.114179,0.038295,0.030029,0.074676,0.065845,0.023506,0.06544,0.093053,0.052532,0.115241,0.095202,0.073443,0.030696,0.005786
2879,0.012831,0.106844,0.047832,0.003776,0.102915,0.056647,0.011239,0.084454,0.057267,0.152621,0.082023,0.115705,0.031667,0.093349,0.040829
3101,0.048226,0.059284,0.036835,0.097499,0.056504,0.042763,0.05476,0.052272,0.051425,0.11695,0.080529,0.065007,0.056985,0.051197,0.129764
2918,0.015293,0.12453,0.008769,0.034539,0.095818,0.091771,0.087207,0.057796,0.1544,0.012438,0.065905,0.071704,0.073649,0.01102,0.095162
3066,0.073194,0.038419,0.045384,0.048728,0.049209,0.029168,0.026181,0.075438,0.102533,0.113908,0.117584,0.061627,0.043363,0.080305,0.09496
3255,0.044941,0.086406,0.100118,0.133231,0.052513,0.029356,0.072166,0.128719,0.114007,0.042871,0.00546,0.031198,0.023522,0.070318,0.065174
2854,0.047358,0.127067,0.1055,0.058622,0.007613,0.085941,0.000103,0.027888,0.026469,0.120282,0.045217,0.124327,0.081715,0.085683,0.056215
3310,0.123776,0.077346,0.07022,0.082473,0.09376,0.044004,0.000963,0.061193,0.05042,0.034782,0.065553,0.05465,0.005079,0.114707,0.121074
3062,0.141061,0.097842,0.035295,0.075464,0.106525,0.03819,0.021111,0.153342,0.051027,0.04388,0.101575,0.083687,0.004613,0.016422,0.029965
3429,0.11695,0.072811,0.089911,0.047036,0.105849,0.001228,0.095447,0.050605,0.0682,0.012483,0.114359,0.010303,0.09668,0.017784,0.100356
3319,0.090251,0.092413,0.044294,0.043946,0.117362,0.0401,0.094426,0.044313,0.08134,0.102147,0.080291,0.014379,0.108633,0.025376,0.020728
3056,0.056861,0.00835,0.086484,0.073191,0.008728,0.05144,0.066825,0.135899,0.035339,0.047381,0.07552,0.057148,0.083565,0.130454,0.082816
3069,0.119447,0.028598,0.044927,0.016998,0.088522,0.106524,0.098517,0.060105,0.02273,0.108363,0.049809,0.023758,0.142696,0.012757,0.076249
2868,0.091951,0.019379,0.153016,0.112062,0.127218,0.031705,0.054082,0.153614,0.042185,0.043991,0.091132,0.038478,0.008027,0.00457,0.028592
3362,0.102479,0.118992,0.009171,0.020734,0.113035,0.022904,0.076473,0.095974,0.011852,0.000228,0.108947,0.004018,0.012933,0.168226,0.134034
3443,0.020132,0.035167,0.079086,0.077403,0.053489,0.000861,0.062988,0.008159,0.107749,0.068157,0.102455,0.114679,0.097844,0.082817,0.089014
2892,0.051032,0.059779,0.014484,0.102407,0.117485,0.046351,0.118555,0.004589,0.008269,0.070323,0.042929,0.099608,0.047234,0.107526,0.109429
3094,0.08257,0.070353,0.07773,0.010059,0.066882,0.013093,0.080363,0.006736,0.133978,0.033557,0.118071,0.021583,0.083934,0.110648,0.090445
3160,0.043051,0.097877,0.082499,0.047734,0.0183,0.1246,0.087457,0.023219,0.09382,0.01022,0.102722,0.04101,0.030253,0.078444,0.118793
3414,0.108863,0.111774,0.058558,0.035168,0.056595,0.100588,0.078212,0.029683,0.007855,0.105904,0.048845,0.048526,0.080122,0.051627,0.07768
3313,0.035366,0.119094,0.043189,0.107145,0.058417,0.058156,0.070725,0.034348,0.022772,0.034636,0.118272,0.10249,0.134096,0.051191,0.010103
3532,0.081391,0.098756,0.094458,0.109983,0.089678,0.066885,0.095281,0.063197,0.047891,0.075817,0.035342,0.03635,0.018018,0.028925,0.058029
3391,0.071473,0.049167,0.058692,0.107197,0.104808,0.012909,0.015511,0.106585,0.117078,0.056053,0.009807,0.095147,0.05262,0.082822,0.060133
3246,0.060525,0.109042,0.024986,0.003418,0.033757,0.01977,0.134973,0.119383,0.050592,0.010837,0.071147,0.069158,0.118024,0.043721,0.130667
3352,0.074474,0.101451,0.028007,0.069911,0.081814,0.097674,0.111393,0.026091,0.022028,0.016465,0.126448,0.057039,0.076976,0.042347,0.067882
2889,0.073773,0.080771,0.004948,0.089149,0.08672,0.103649,0.026543,0.019863,0.02462,0.129767,0.101854,0.056834,0.000755,0.100139,0.100615
3498,0.114605,0.115176,0.119494,0.100343,0.022539,0.05886,0.001893,0.044961,0.026658,0.10484,0.078898,0.080548,0.049934,0.049147,0.032103
3277,0.039884,0.101976,0.082427,0.095186,0.054838,0.03758,0.047007,0.000908,0.123253,0.106935,0.105842,0.069049,0.077259,0.044939,0.012918
3099,0.074548,0.050853,0.0841,0.005524,0.087593,0.103156,0.048127,0.113576,0.066754,0.101121,0.05891,0.081997,0.039362,0.051977,0.032401
3525,0.127437,0.095362,0.041576,0.001628,0.060599,0.011192,0.088039,0.041373,0.096352,0.100767,0.082456,0.040641,0.003458,0.138766,0.070354
3097,0.034828,0.104761,0.098218,0.003143,0.018391,0.021301,0.098203,0.066035,0.096181,0.041867,0.10405,0.168482,0.123621,0.006018,0.014902
2969,0.126786,0.11807,0.025078,0.098581,0.110445,0.005713,0.017234,0.068886,0.07882,0.122435,0.011452,0.083695,0.053145,0.052159,0.0275
3210,0.085744,0.128438,0.079155,0.066011,0.092283,0.141297,0.092163,0.1147,0.007318,0.007521,0.058629,0.057986,0.033685,0.016996,0.018074
3147,0.005332,0.003684,0.002757,0.169641,0.036177,0.158162,0.005774,0.100503,0.053079,0.056128,0.081504,0.045687,0.191736,0.074912,0.014923
3139,0.050642,0.095231,0.04489,0.080915,0.062889,0.110488,0.024104,0.103758,0.011284,0.072954,0.09609,0.095295,0.059791,0.080962,0.010705
3452,0.044549,0.069314,0.141236,0.065241,0.121438,0.117292,0.062211,0.070046,0.074056,0.014721,0.00313,0.00053,0.007118,0.073705,0.135412
2953,0.107713,0.054929,0.091747,0.044352,0.09532,0.005586,0.112753,0.12911,0.04416,0.025998,0.118516,0.055156,0.017624,0.028563,0.068473
3052,0.094798,0.122026,0.023214,0.019899,0.066185,0.116751,0.027908,0.064275,0.04626,0.037414,0.059636,0.104925,0.114584,0.060138,0.041989
2886,0.111473,0.084316,0.046549,0.061214,0.017369,0.058721,0.078982,0.017138,0.123333,0.069111,0.050288,0.042006,0.107311,0.098376,0.033815
3458,0.076314,0.050843,0.111229,0.069424,0.070412,0.07663,0.0713,0.038809,0.030801,0.10646,0.014573,0.09167,0.045521,0.054865,0.091147
3312,0.119093,0.11448,0.083793,0.108957,0.064793,0.021779,0.114083,0.059087,0.109489,0.022894,0.057876,0.01453,0.062012,0.018029,0.029105
3192,0.103482,0.023099,0.040287,0.05467,0.086025,0.080183,0.035451,0.11439,0.060518,0.050133,0.124596,0.075385,0.079368,0.047685,0.024729
2898,0.039245,0.105603,0.096023,0.023365,0.118342,0.072338,0.080787,0.026673,0.011489,0.096465,0.099481,0.053411,0.037706,0.03089,0.108181
3441,0.057625,0.053822,0.032464,0.121532,0.054959,0.128289,0.118328,0.002651,0.038374,0.064259,0.075442,0.101324,0.000704,0.119584,0.030642
2915,0.077115,0.068365,0.048539,0.014672,0.098263,0.100843,0.08888,0.068429,0.004759,0.008149,0.093881,0.061827,0.093488,0.110845,0.061944
3241,0.004018,0.043978,0.092878,0.040597,0.107142,0.018643,0.006079,0.054637,0.068924,0.087521,0.078535,0.106624,0.147388,0.11091,0.032128
2880,0.055811,0.098982,0.051132,0.091075,0.046448,0.064483,0.065342,0.015803,0.053332,0.077397,0.06325,0.093025,0.104683,0.079854,0.039383
3020,0.046685,0.05772,0.103014,0.111869,0.045775,0.048911,0.033268,0.097723,0.014205,0.103515,0.095063,0.105576,0.014589,0.049516,0.072569
3513,0.104381,0.074771,0.010954,0.059096,0.008964,0.019184,0.118713,0.005585,0.019515,0.105451,0.12931,0.02413,0.093921,0.09627,0.129757
3508,0.103261,0.055195,0.068561,0.084944,0.106867,0.078344,0.066476,0.08035,0.08852,0.112598,0.078129,0.007152,0.02369,0.00965,0.036263
2912,0.145169,0.032596,0.068303,0.058332,0.031471,0.024099,0.092178,0.045984,0.08408,0.054189,0.061703,0.057483,0.091457,0.055293,0.097665
3478,0.148561,0.029773,0.10031,0.073817,0.059567,0.0859,0.043061,0.031207,0.017959,0.127833,0.156347,0.00789,0.046698,0.017301,0.053776
3009,0.119538,0.027373,0.041785,0.038824,0.083162,0.008778,0.008384,0.008065,0.143218,0.024285,0.173784,0.057293,0.07021,0.069817,0.125484
3396,0.100425,0.119955,0.077142,0.044855,0.049902,0.038288,0.085056,0.086297,0.098227,0.05711,0.075828,0.047997,0.02282,0.01971,0.076388
3232,0.094729,0.011679,0.008159,0.090408,0.045582,0.013279,0.092041,0.108355,0.027493,0.04722,0.13263,0.087125,0.101061,0.022512,0.117727
3535,0.059203,0.019161,0.067044,0.085532,0.11484,0.03405,0.014026,0.086704,0.088587,0.113004,0.078144,0.096126,0.082712,0.040798,0.020068
3017,0.08131,0.097946,0.088979,0.078013,0.071024,0.095936,0.013365,0.04022,0.062988,0.03141,0.093483,0.10444,0.056603,0.040487,0.043796
3371,0.049415,0.095756,0.115888,0.0571,0.048579,0.114186,0.003486,0.094548,0.042015,0.023897,0.138358,0.049804,0.039723,0.093845,0.033402
2923,0.033684,0.108733,0.102579,0.051719,0.054029,0.016434,0.070945,0.079161,0.103323,0.031711,0.036755,0.053754,0.102753,0.078452,0.075967
3021,0.0834,0.097475,0.08254,0.01816,0.031044,0.081293,0.018562,0.086879,0.086057,0.087687,0.116808,0.093173,0.001451,0.076025,0.039445
3116,0.09212,0.000749,0.117724,0.0385,0.120907,0.002035,0.126464,0.111455,0.012775,0.020912,0.016423,0.120613,0.105015,0.004838,0.10947
3212,0.007468,0.106896,0.07886,0.034428,0.023835,0.059505,0.064484,0.070504,0.109041,0.115918,0.111516,0.016157,0.042927,0.050157,0.108303
3227,0.09711,0.088371,0.007292,0.070571,0.050024,0.073198,0.082775,0.078479,0.055516,0.07913,0.02465,0.048114,0.098029,0.064323,0.082419
3465,0.02453,0.053992,0.087848,0.073254,0.114848,0.0661,0.112008,0.130843,0.076898,0.009928,0.083376,0.046003,0.058702,0.033031,0.02864
2913,0.124985,0.069096,0.039266,0.071942,0.069147,0.087299,0.031985,0.027271,0.010717,0.075607,0.062003,0.094754,0.072116,0.071818,0.091996
3024,0.00245,0.130801,0.000662,0.107957,0.014151,0.161124,0.026965,0.077308,0.057818,0.145552,0.047577,0.059929,0.042653,0.107856,0.017198
3369,0.03618,0.038821,0.071051,0.058116,0.084319,0.024375,0.053136,0.11216,0.09696,0.002823,0.096743,0.052483,0.089699,0.073053,0.110082
3240,0.091747,0.029581,0.034253,0.060934,0.014828,0.064298,0.139309,0.100279,0.02681,0.040636,0.092589,0.084552,0.029597,0.08854,0.102046
3387,0.044375,0.120159,0.067291,0.037532,0.010084,0.055491,0.057694,0.095091,0.052565,0.013206,0.074119,0.143765,0.031023,0.071394,0.126211
3471,0.074467,0.017194,0.090814,0.022609,0.069143,0.104634,0.10332,0.104136,0.075828,0.04777,0.028252,0.089705,0.070323,0.033207,0.0686
3344,0.086398,0.044702,0.00933,0.093792,0.096172,0.086833,0.026121,0.0826,0.055163,0.065039,0.018216,0.052079,0.084139,0.106505,0.092911
3287,0.017426,0.018935,0.098905,0.056628,0.130327,0.060861,0.033371,0.016215,0.037278,0.025948,0.037621,0.123259,0.13858,0.066695,0.137952
3481,0.031955,0.053472,0.089907,0.085706,0.095108,0.088313,0.110511,0.021804,0.08908,0.028964,0.068315,0.040711,0.076106,0.05801,0.062037
3326,0.006153,0.055102,0.091161,0.034214,0.11478,0.059207,0.097965,0.044032,0.049436,0.016631,0.077072,0.047808,0.107279,0.106909,0.09225
3335,0.093062,0.067059,0.009811,0.057056,0.104097,0.048044,0.09382,0.093814,0.055861,0.030609,0.102981,0.055772,0.063866,0.061573,0.062577
3035,0.094429,0.028999,0.03503,0.137198,0.049643,0.068646,0.059559,0.002067,0.119584,0.000297,0.024326,0.082458,0.116825,0.10152,0.079418
2963,0.049462,0.017522,0.01315,0.080514,0.045246,0.021393,0.039816,0.01258,0.141697,0.062686,0.111432,0.059753,0.106374,0.130197,0.108176
3083,0.026586,0.089556,0.06169,0.086752,0.046157,0.04247,0.090626,0.026913,0.017395,0.131266,0.043614,0.038563,0.094821,0.115198,0.088392
3449,0.040939,0.105847,0.082686,0.104286,0.02057,0.088242,0.108793,0.006057,0.070736,0.135283,0.03286,0.119314,0.014271,0.0363,0.033818
3082,0.059709,0.029594,0.103059,0.038583,0.012745,0.125105,0.031966,0.045883,0.103478,0.095045,0.036616,0.083023,0.085277,0.095811,0.054104
3065,0.018436,0.081147,0.10191,0.053602,0.001737,0.055253,0.050868,0.114062,0.099965,0.122263,0.024086,0.118586,0.065132,0.079435,0.01352
3451,0.02774,0.031689,0.010464,0.114076,0.105509,0.071611,0.062661,0.055073,0.094419,0.104229,0.104901,0.029079,0.03493,0.115723,0.037896
3464,0.115778,0.004991,0.082577,0.053779,0.071037,0.05506,0.107613,0.066235,0.03273,0.01772,0.093699,0.077536,0.095388,0.088197,0.037659
3144,0.089996,0.064999,0.099462,0.012185,0.072066,0.061591,0.02957,0.075244,0.138125,0.031511,0.118828,0.055199,0.015738,0.018145,0.117341
3393,0.016929,0.003511,0.124767,0.085789,0.049882,0.015352,0.117423,0.123466,0.099227,0.002304,0.102251,0.147955,0.03458,0.016117,0.060448
3432,0.071435,0.073289,0.043754,0.016115,0.138184,0.094161,0.007387,0.077993,0.118192,0.031305,0.079015,0.045611,0.092841,0.051484,0.059234
3340,0.080372,0.059329,0.053172,0.095905,0.071707,0.106062,0.037583,0.036512,0.10033,0.054706,0.089219,0.041414,0.062677,0.011807,0.099205
3341,0.026318,0.075242,0.034808,0.024119,0.069695,0.05899,0.105123,0.027659,0.108595,0.108846,0.158097,0.028327,0.015982,0.040328,0.117872
2869,0.124819,0.007547,0.03888,0.059116,0.009535,0.087081,0.154038,0.012653,0.047095,0.125755,0.007244,0.053603,0.142005,0.007252,0.123378
3492,0.055517,0.095494,0.09798,0.03372,0.057007,0.053735,0.0786,0.043768,0.068806,0.011161,0.116672,0.051184,0.10887,0.11072,0.016765
3399,0.032238,0.063386,0.113784,0.075641,0.008579,0.066918,0.060991,0.061205,0.102025,0.022667,0.123324,0.025496,0.039934,0.114537,0.089276
3182,0.011836,0.068688,0.111637,0.017667,0.075409,0.027112,0.081459,0.063772,0.01354,0.10431,0.096807,0.077173,0.098362,0.096354,0.055874
2959,0.07715,0.048455,0.092064,0.043381,0.094335,0.09219,0.052874,0.034805,0.04935,0.078414,0.041504,0.053738,0.069392,0.087673,0.084673
3548,0.083556,0.001717,0.066316,0.084186,0.061856,0.08177,0.064057,0.079569,0.05567,0.093386,0.105556,0.084243,0.029289,0.072802,0.036028
3208,0.073289,0.132891,0.024807,0.107112,0.032952,0.009983,0.087099,0.002157,0.019113,0.133817,0.114133,0.020183,0.124336,0.101308,0.016818
3282,0.083129,0.069673,0.002419,0.080587,0.119337,0.100252,0.039735,0.054142,0.027839,0.097788,0.112946,0.088378,0.07364,0.027223,0.022912
2974,0.081693,0.055217,0.117135,0.01718,0.110282,0.043835,0.093168,0.022229,0.032779,0.019441,0.110969,0.079866,0.065037,0.058028,0.093141
3439,0.083822,0.110533,0.057515,0.062331,0.085894,0.012345,0.11628,0.115037,0.003068,0.109003,0.053767,0.053922,0.106778,0.003453,0.026254
2992,0.039017,0.089061,0.025063,0.098231,0.008568,0.036653,0.092648,0.030767,0.101635,0.054615,0.073616,0.099004,0.12303,0.08734,0.040752
2893,0.08069,0.014362,0.129199,0.071427,0.037854,0.068855,0.038108,0.083714,0.097164,0.075448,0.133502,0.046601,0.02104,0.030841,0.071193
3267,0.081204,0.049595,0.044524,0.10437,0.159616,0.062248,0.009467,0.094811,0.019836,0.138382,0.06413,0.127637,0.021712,0.005919,0.016551
3329,0.065185,0.05218,0.011494,0.085022,0.042157,0.116042,0.049058,0.066787,0.14945,0.032052,0.037608,0.075205,0.114145,0.069833,0.033782
2860,0.078506,0.016084,0.083972,0.069992,0.04886,0.114744,0.004982,0.088304,0.104559,0.063712,0.055596,0.086211,0.096747,0.077784,0.009947
3012,0.111046,0.00849,0.126619,0.052418,0.097982,0.021922,0.044554,0.044821,0.144851,0.01656,0.0457,0.031508,0.047536,0.135959,0.070033
3076,0.080757,0.104927,0.065654,0.068713,0.000677,0.068995,0.069086,0.048264,0.094894,0.07639,0.079763,0.07525,0.026953,0.013953,0.125722
3515,0.041927,0.013962,0.08661,0.097212,0.027217,0.04551,0.005285,0.063848,0.114114,0.007422,0.12392,0.005745,0.169722,0.174317,0.023189
3259,0.066999,0.042257,0.087544,0.129512,0.031629,0.008057,0.130645,0.065733,0.118682,0.090865,0.009525,0.00801,0.097657,0.031995,0.08089
3534,0.036801,0.012343,0.118776,0.044355,0.111492,0.017592,0.023391,0.084933,0.076314,0.043334,0.114286,0.119242,0.059713,0.032933,0.104495
2956,0.030137,0.062036,0.005903,0.042523,0.104523,0.041473,0.1038,0.073643,0.054289,0.046339,0.131189,0.078082,0.096655,0.064166,0.065243
3350,0.082896,0.097128,0.100957,0.088365,0.066004,0.039174,0.097427,0.03283,0.068246,0.025606,0.024771,0.025514,0.099815,0.076876,0.074391
3105,0.132128,0.02012,0.007564,0.075227,0.107039,0.036246,0.083133,0.003361,0.01178,0.054908,0.116951,0.099259,0.133819,0.050825,0.06764
3299,0.040918,0.12382,0.067187,0.08698,0.013467,0.057931,0.078382,0.002782,0.034936,0.047611,0.109437,0.118353,0.043328,0.107892,0.066975
2981,0.100962,0.072658,0.036948,0.019738,0.035678,0.131856,0.058187,0.10277,0.088625,0.036907,0.056353,0.055087,0.044047,0.028265,0.131919
3027,0.029423,0.141037,0.090301,0.091355,0.074676,0.136471,0.012703,0.004802,0.060455,0.029079,0.134505,0.029844,0.039473,0.008124,0.117751
3472,0.001426,0.094143,0.090391,0.035728,0.11907,0.057046,0.063853,0.017314,0.096642,0.112074,0.022294,0.068376,0.086987,0.057204,0.077453
3345,0.092437,0.037861,0.04412,0.066963,0.09091,0.099277,0.032138,0.095173,0.056152,0.087567,0.09688,0.058789,0.055159,0.083389,0.003185
3178,0.088133,0.098183,0.012219,0.069615,0.093216,0.000984,0.031816,0.096929,0.007668,0.107676,0.109058,0.0748,0.084076,0.071362,0.054264
3419,0.142471,0.140606,0.019232,0.123491,0.007101,0.008823,0.052723,0.035666,0.105192,0.023079,0.04746,0.105168,0.035604,0.107382,0.046002
2940,0.133943,0.043776,0.005682,0.003304,0.13259,0.090686,0.001617,0.045682,0.125782,0.115988,0.039463,0.064705,0.076084,0.112248,0.008452
3402,0.050277,0.029198,0.019827,0.091877,0.073424,0.111925,0.080826,0.093915,0.017522,0.098435,0.038028,0.000714,0.10902,0.063657,0.121353
3475,0.084432,0.042344,0.008787,0.056008,0.125779,0.031761,0.10062,0.039531,0.067043,0.079971,0.106984,0.029346,0.108364,0.006616,0.112414
3191,0.11595,0.122316,0.043343,0.099267,0.002619,0.000304,0.003908,0.024973,0.146693,0.032711,0.083609,0.045292,0.129635,0.092557,0.056823
3526,0.116873,0.052923,0.14836,0.040354,0.132648,0.046179,0.088493,0.013581,0.028821,0.063254,0.088034,0.025964,0.098582,0.048095,0.007839
2884,0.111756,0.070445,0.114969,0.058586,0.115735,0.106406,0.06638,0.052895,0.023147,0.055813,0.05136,0.035832,0.023245,0.031588,0.081844
2931,0.115556,0.118883,0.076356,0.072971,0.053101,0.006853,0.125596,0.072642,0.032204,0.012483,0.126072,0.011005,0.012579,0.083388,0.080311
3379,0.025719,0.153843,0.126537,0.134842,0.010651,0.00849,0.062646,0.018257,0.068009,0.088006,0.093291,0.070228,0.020226,0.008457,0.110799
3530,0.072531,0.123697,0.054589,0.020417,0.071127,0.058474,0.004656,0.128933,0.082432,0.033947,0.003131,0.117765,0.116347,0.085829,0.026123
3124,0.035291,0.093705,0.045327,0.048089,0.051212,0.114627,0.099698,0.016183,0.08288,0.078774,0.116791,0.039289,0.031987,0.120955,0.025193
3134,0.002029,0.093824,0.03154,0.03104,0.078828,0.109499,0.054023,0.113588,0.016341,0.084394,0.12313,0.028044,0.073949,0.103323,0.056448
3150,0.119635,0.093294,0.037852,0.052725,0.066587,0.056417,0.11885,0.079155,0.050852,0.012032,0.044356,0.015232,0.066486,0.097927,0.088599
2861,0.01719,0.020647,0.051524,0.115843,0.083186,0.034907,0.148622,0.083665,0.120047,0.041224,0.006244,0.103164,0.013175,0.117368,0.043194
3392,0.037566,0.046076,0.011078,0.060182,0.072186,0.071377,0.037665,0.065336,0.12264,0.100981,0.110682,0.110127,0.084471,0.041536,0.028098
3339,0.05559,0.086615,0.10552,0.029013,0.072783,0.081418,0.079736,0.057047,0.073528,0.061487,0.096372,0.050004,0.023438,0.080365,0.047083
3317,0.08077,0.046685,0.146213,0.044473,0.061316,0.043368,0.144857,0.093693,0.000921,0.08602,0.063126,0.10293,0.036074,0.024078,0.025475
3541,0.071074,0.083944,0.089456,0.077159,0.068734,0.046473,0.080162,0.065838,0.043259,0.00803,0.080604,0.043413,0.078736,0.074079,0.089039
2902,0.099574,0.067487,0.097955,0.054566,0.040836,0.063478,0.111723,0.093722,0.055988,0.039321,0.046501,0.110996,0.006676,0.037968,0.073211
3383,0.063298,0.026313,0.111827,0.025489,0.098355,0.095041,0.088875,0.022252,0.096433,0.0081,0.079169,0.057346,0.064665,0.067232,0.095604
2899,0.07106,0.100052,0.040948,0.122062,0.035186,0.042445,0.043605,0.093279,0.048068,0.130512,0.018108,0.112722,0.042344,0.097071,0.002539
2853,0.021959,0.104877,0.088917,0.020229,0.004092,0.113041,0.030215,0.058553,0.1109,0.115036,0.033139,0.112471,0.077819,0.108562,0.000188
3514,0.013473,0.104142,0.095688,0.026118,0.000712,0.099865,0.080741,0.058722,0.144826,0.067241,0.022075,0.053746,0.028218,0.103418,0.101014
3288,0.019609,0.058964,0.086885,0.096576,0.095997,0.067849,0.125968,0.107837,0.047061,0.098692,0.028764,0.022368,0.049084,0.055161,0.039186
3366,0.00012,0.041406,0.002854,0.027887,0.03326,0.097377,0.060366,0.075548,0.040047,0.076464,0.085141,0.085647,0.129953,0.095654,0.148275
3074,0.084436,0.078161,0.102128,0.097289,0.022362,0.107014,0.026966,0.068538,0.133169,0.040263,0.051705,0.097816,0.042572,0.017058,0.030523
3547,0.07774,0.118429,0.056674,0.0899,0.019941,0.057092,0.000672,0.092785,0.035532,0.052497,0.097374,0.032854,0.087788,0.122862,0.05786
3168,0.112999,0.040756,0.117536,0.111973,0.103393,0.004451,0.101684,0.043616,0.090192,0.112437,0.008293,0.021346,0.016449,0.01046,0.104415
2927,0.042724,0.048687,0.039825,0.110231,0.021152,0.033579,0.11599,0.11312,0.002775,0.082554,0.123063,0.063921,0.059527,0.052625,0.090227
2934,0.111654,0.067836,0.01299,0.011957,0.078995,0.12223,0.080336,0.039729,0.125631,0.067423,0.083472,0.041415,0.067692,0.029759,0.058882
3376,0.076165,0.007258,0.02303,0.110086,0.044616,0.124443,0.05948,0.039551,0.084451,0.133253,0.078406,0.097402,0.004709,0.001882,0.115268
3003,0.132946,0.024556,0.076528,0.016831,0.139687,0.103037,0.020732,0.045577,0.045395,0.114606,0.039858,0.080178,0.082651,0.036971,0.040447
2951,0.066965,0.083264,0.043481,0.061571,0.09055,0.098364,0.050292,0.010806,0.109574,0.019443,0.100761,0.066983,0.02539,0.09349,0.079068
3156,0.038259,0.044565,0.018132,0.104874,0.10392,0.118324,0.077137,0.056079,0.006371,0.104556,0.10161,0.066775,0.016623,0.051807,0.090968
2938,0.120925,0.071662,0.112267,0.098731,0.020003,0.025557,0.057513,0.085338,0.073849,0.080495,0.078662,0.078877,0.001759,0.01091,0.083452
3225,0.006112,0.061885,0.128014,0.112084,0.034349,0.102259,0.118959,0.084878,0.015287,0.173264,0.049257,0.025522,0.018817,0.01401,0.055303
3177,0.139725,0.114858,0.034985,0.04042,0.125021,0.040962,0.009995,0.049566,0.007428,0.01594,0.13669,0.103524,0.014472,0.068399,0.098015
3047,0.042362,0.049567,0.022281,0.099177,0.049993,0.070404,0.017368,0.10678,0.025016,0.13747,0.092338,0.140222,0.037976,0.099448,0.009599
3051,0.10251,0.007544,0.125734,0.085979,0.093068,0.064733,0.09121,0.045469,0.146576,0.010643,0.000514,0.021987,0.001697,0.114483,0.087853
3162,0.023237,0.073599,0.124736,0.033469,0.112269,0.003338,0.007578,0.06885,0.065712,0.025833,0.096807,0.039491,0.093573,0.120732,0.110777
2885,0.083921,0.116896,0.004215,0.085205,0.012359,0.054288,0.023423,0.100874,0.043412,0.117919,0.114581,0.085385,0.088256,0.012905,0.056362
3500,0.046452,0.116423,0.001635,0.034268,0.015328,0.097601,0.114068,0.08317,0.111799,0.006353,0.008877,0.05735,0.134343,0.08305,0.089282
3219,0.00795,0.132913,0.043579,0.137483,0.11042,0.071296,0.025368,0.111237,0.040117,0.040588,0.017223,0.106481,0.080761,0.048529,0.026055
3038,0.048664,0.002796,0.133582,0.008118,0.060072,0.079082,0.106262,0.03301,0.018279,0.118261,0.134851,0.042607,0.143456,0.022758,0.048202
3217,0.126907,0.13565,0.100991,0.052166,0.060231,0.012043,0.140718,0.060443,0.042663,0.032294,0.014567,0.049734,0.012848,0.049427,0.109315
3453,0.065589,0.028388,0.031321,0.016411,0.082587,0.042873,0.09202,0.040665,0.107587,0.101605,0.070021,0.115466,0.086831,0.002817,0.115819
2939,0.111341,0.002299,0.149343,0.002354,0.092217,0.065173,0.084071,0.121755,0.111641,0.03849,0.025858,0.00032,0.102042,0.031122,0.061974
3348,0.029612,0.084663,0.090663,0.013135,0.097922,0.099542,0.094994,0.020262,0.06626,0.02922,0.012254,0.072755,0.048096,0.121391,0.119231
2987,0.130515,0.119713,0.038724,0.015953,0.010041,0.004086,0.056403,0.070882,0.133195,0.056268,0.117375,0.13594,0.049249,0.045687,0.015969
3320,0.053784,0.066744,0.084392,0.024189,0.04285,0.093933,0.004113,0.082921,0.066009,0.07291,0.105975,0.070021,0.105143,0.053224,0.07379
3309,0.088309,0.054423,0.0818,0.051353,0.10797,0.024871,0.092434,0.08738,0.089926,0.005296,0.063403,0.078234,0.022474,0.060196,0.091932
3448,0.048704,0.112915,0.114131,0.027715,0.124994,0.024001,0.070136,0.022809,0.006396,0.080913,0.129752,0.113701,0.013204,0.014343,0.096285
3158,0.108341,0.093918,0.023301,0.053673,0.092813,0.084474,0.094714,0.096369,0.044362,0.052247,0.090058,0.058079,0.053159,0.035967,0.018525
3220,0.043279,0.030618,0.093228,0.067862,0.096134,0.069943,0.085879,0.01879,0.039139,0.047865,0.11586,0.104736,0.06339,0.044971,0.078307
3378,0.054857,0.078687,0.102907,0.085089,0.048181,0.026308,0.085385,0.053426,0.065664,0.084806,0.056915,0.079142,0.085916,0.059585,0.033133
3353,0.110913,0.022289,0.095115,0.063229,0.103999,0.107699,0.126993,0.092057,0.082657,0.011322,0.048739,0.002711,0.035017,0.044416,0.052845
3400,0.033417,0.032566,0.094926,0.087495,0.104835,0.006648,0.066892,0.072546,0.109047,0.068812,0.077523,0.075178,0.101023,0.024722,0.044372
3533,0.0848,0.064387,0.020991,0.068237,0.120725,0.059128,0.066195,0.086227,0.094597,0.068503,0.044338,0.058468,0.061807,0.016816,0.08478
3356,0.029867,0.054709,0.073798,0.001487,0.029147,0.07424,0.091956,0.016845,0.11407,0.106824,0.087707,0.052512,0.113285,0.047393,0.106159
3410,0.016246,0.059009,0.131374,0.027522,0.017562,0.06779,0.056441,0.100994,0.098785,0.072442,0.012496,0.063936,0.111359,0.045124,0.11892
3544,0.104679,0.04357,0.061787,0.073235,0.049042,0.061724,0.038029,0.092642,0.016803,0.094839,0.054994,0.089517,0.051246,0.097114,0.070779
3442,0.008801,0.032848,0.056764,0.090796,0.099068,0.080088,0.046751,0.071396,0.051484,0.071149,0.076297,0.09871,0.080748,0.088229,0.046872
3545,0.081194,0.037044,0.078184,0.045608,0.048538,0.040939,0.147945,0.119905,0.026269,0.101489,0.048392,0.05631,0.109074,0.002175,0.056934
2949,0.010393,0.057468,0.091209,0.047395,0.061408,0.051243,0.047864,0.100112,0.048199,0.081262,0.139676,0.097616,0.056786,0.014418,0.094953
2942,0.020785,0.003862,0.133611,0.149917,0.031318,0.044774,0.161015,0.050129,0.105563,0.091161,0.003737,0.005234,0.030979,0.025941,0.141972
3045,0.007647,0.10107,0.05625,0.007149,0.065756,0.08247,0.13316,0.079949,0.125903,0.053704,0.015985,0.033741,0.123529,0.013422,0.100265
2917,0.099219,0.055038,0.090134,0.113281,0.030414,0.06055,0.06565,0.013143,0.128281,0.011658,0.053996,0.069932,0.094636,0.008856,0.105214
3207,0.118607,0.128946,0.018612,0.002689,0.009048,0.07484,0.038203,0.115101,0.100877,0.039685,0.10594,0.023552,0.047582,0.062948,0.113372
3185,0.000183,0.023127,0.053324,0.130843,0.131481,0.136253,0.034232,0.118652,0.03327,0.094568,0.039759,0.000166,0.069056,0.121605,0.013482
3434,0.133715,0.01004,0.003779,0.107654,0.062385,0.126696,0.037793,0.059302,0.058018,0.071971,0.053195,0.072478,0.070583,0.116308,0.016084
3010,0.028501,0.056907,0.090136,0.09988,0.008395,0.140142,0.027714,0.148893,0.067759,0.013736,0.118617,0.099673,0.008882,0.024754,0.066011
3146,0.097138,0.047654,0.081776,0.116579,0.08061,0.071379,0.028581,0.040573,0.035909,0.042493,0.076446,0.096855,0.071181,0.016049,0.096775
3504,0.048777,0.078594,0.028175,0.11662,0.038984,0.03525,0.020412,0.070731,0.093049,0.019935,0.038016,0.11131,0.104032,0.110621,0.085494
3174,0.034155,0.112407,0.119904,0.038064,0.107063,0.009029,0.016801,0.029445,0.094993,0.093968,0.05946,0.118996,0.006929,0.104429,0.054356
2919,0.096697,0.102207,0.014133,0.078083,0.052256,0.089073,0.08871,0.043012,0.065408,0.054042,0.072398,0.085133,0.048969,0.035728,0.074152
2971,0.072707,0.100198,0.100706,0.022277,0.084044,0.105138,0.089969,0.055086,0.035127,0.044038,0.065626,0.071095,0.049223,0.000947,0.103822
3117,0.126991,0.034759,0.127086,0.038344,0.108714,0.002345,0.103151,0.103059,0.014744,0.063639,0.121926,0.008339,0.057283,0.028119,0.061501
3428,0.135079,0.000953,0.088757,0.115336,0.083996,0.049181,0.016442,0.046773,0.073382,0.083272,0.048977,0.106936,0.064232,0.036843,0.04984
2967,0.057452,0.077122,0.061401,0.099143,0.005094,0.07304,0.017064,0.070819,0.053152,0.061127,0.11281,0.068192,0.093171,0.06191,0.088503
3007,0.084099,0.101669,0.113777,0.092701,0.058339,0.080292,0.014451,0.023761,0.002783,0.024078,0.025898,0.070573,0.091196,0.126034,0.090347
3542,0.01491,0.077802,0.089313,0.078205,0.111893,0.010211,0.074297,0.091335,0.039749,0.038365,0.084147,0.067397,0.057485,0.099245,0.065646
3433,0.062525,0.050381,0.146982,0.100697,0.05641,0.041734,0.054013,0.151853,0.027503,0.008164,0.018925,0.021766,0.042758,0.12528,0.091009
3552,0.030536,0.03905,0.165611,0.155958,0.041889,0.014291,0.004816,0.000933,0.119619,0.077161,0.044544,0.064005,0.130998,0.08773,0.022858
3087,0.096296,0.066113,0.027143,0.063238,0.022994,0.108087,0.067145,0.010917,0.092549,0.104887,0.099372,0.02607,0.097717,0.09338,0.024092
3346,0.030571,0.123821,0.051843,0.043395,0.043678,0.020511,0.110224,0.019007,0.061178,0.101602,0.0138,0.090695,0.100691,0.103927,0.085058
3155,0.037958,0.017663,0.002094,0.112746,0.074539,0.010877,0.064245,0.105789,0.117142,0.116423,0.034813,0.111199,0.100386,0.006841,0.087285
2859,0.078291,0.027993,0.126878,0.104705,0.103298,0.112662,0.118475,0.024465,0.070037,0.000723,0.063517,0.011917,0.068435,0.07068,0.017923
3422,0.124741,0.035713,0.097014,0.047226,0.117153,0.083758,0.088393,0.021272,0.047038,0.050312,0.002315,0.033274,0.080583,0.006904,0.164304
3224,0.065156,0.010496,0.120215,0.130542,0.100763,0.139933,0.074215,0.013769,0.019184,0.012307,0.069721,0.036059,0.110691,0.093911,0.003038
3100,0.04412,0.00286,0.085758,0.060804,0.111159,0.0962,0.03479,0.072313,0.094674,0.02089,0.06145,0.08222,0.115968,0.02916,0.087634
2897,0.094453,0.073411,0.080239,0.071749,0.065134,0.065081,0.000423,0.053125,0.107768,0.083519,0.037577,0.047936,0.124652,0.00425,0.090683
3143,0.051609,0.115759,0.038493,0.034763,0.039736,0.036712,0.003065,0.090157,0.105626,0.033394,0.083316,0.116934,0.104076,0.11565,0.03071
3235,0.033299,0.124548,0.11945,0.076089,0.03467,0.062685,0.0851,0.069266,0.112694,0.121867,0.047376,0.049038,0.02777,0.004142,0.032007
3375,0.109459,0.105352,0.112904,0.099095,0.090413,0.076904,0.016815,0.063368,0.082892,0.008685,0.035635,0.060387,0.003035,0.054605,0.080451
